4690	1959	46
4680	1959	90
1793	1959	85
1811	1959	53
4106	1959	100
4973	1959	81
5354	1959	45
2934	1959	28
2361	1959	68
4990	1959	41
4069	1959	21
2827	1959	33
4067	1959	89
1415	1959	64
63	1959	26
218	1959	72
2981	1959	5
2301	1959	73
2987	1959	49
5361	1959	50
2988	1959	56
1352	1959	6
4855	1959	77
1420	1959	87
5272	1959	32
230	1959	25
1596	1959	58
4853	1959	7
2552	1959	99
4358	1959	24
2605	1959	84
2619	1959	27
4292	1959	69
2620	1959	74
4275	1959	16
683	1959	70
898	1959	17
4904	1959	29
689	1959	98
4248	1959	11
2481	1959	62
2697	1959	59
4230	1959	65
2723	1959	78
2732	1959	9
2428	1959	23
2775	1959	92
2786	1959	37
1791	1959	79
1601	1959	61
967	1959	8
2294	1959	44
1836	1959	35
4616	1959	96
5077	1959	38
4627	1959	76
3286	1959	94
23	1959	34
3305	1959	10
3720	1959	15
4719	1959	71
4628	1959	40
3700	1959	75
3699	1959	66
3697	1959	3
3346	1959	39
5204	1959	4
4713	1959	67
3352	1959	19
479	1959	95
4638	1959	36
4644	1959	60
3387	1959	93
3409	1959	42
4695	1959	1
3605	1959	52
4694	1959	97
3753	1959	54
5680	1959	91
4392	1959	13
2171	1959	63
5112	1959	55
4750	1959	22
1327	1959	14
1321	1959	43
347	1959	80
1891	1959	57
353	1959	48
3856	1959	31
3170	1959	86
3812	1959	12
197	1959	30
760	1959	51
4572	1959	83
32	1959	20
199	1959	82
3787	1959	47
1919	1959	88
3817	1959	18
3130	1959	2
4671	1960	71
4648	1960	67
4414	1960	98
5653	1960	89
4637	1960	5
4578	1960	74
2446	1960	6
220	1960	55
2356	1960	43
4564	1960	18
783	1960	35
224	1960	75
4430	1960	83
2275	1960	65
4473	1960	9
2530	1960	62
3085	1960	48
5435	1960	21
3157	1960	68
376	1960	73
3806	1960	23
3248	1960	64
3780	1960	39
3262	1960	97
3749	1960	87
558	1960	90
3739	1960	47
3319	1960	44
3350	1960	17
3354	1960	77
3659	1960	41
3364	1960	94
455	1960	27
3441	1960	34
3608	1960	20
3513	1960	88
3308	1960	42
5450	1960	57
341	1960	16
2989	1960	99
5488	1960	12
4298	1960	70
2630	1960	7
2638	1960	66
2646	1960	19
4243	1960	22
4237	1960	28
2755	1960	63
624	1960	32
2801	1960	82
2856	1960	30
5697	1960	85
2880	1960	51
2898	1960	92
2939	1960	96
5357	1960	14
2979	1960	38
4033	1960	26
4022	1960	100
3998	1960	4
574	1960	37
4393	1960	76
5471	1960	24
5403	1960	91
886	1960	29
1863	1960	84
1025	1960	45
1851	1960	8
5213	1960	54
1824	1960	13
4804	1960	58
5250	1960	72
5543	1960	80
1786	1960	31
879	1960	3
1162	1960	59
4860	1960	10
4863	1960	56
1864	1960	50
1751	1960	33
4892	1960	53
4893	1960	1
5623	1960	46
1656	1960	78
910	1960	79
5275	1960	40
1589	1960	61
1574	1960	69
1338	1960	60
1540	1960	49
1456	1960	11
5075	1960	81
1399	1960	15
1233	1960	95
5244	1960	25
1355	1960	86
4701	1960	36
1898	1960	2
1919	1960	93
1899	1960	52
2132	1961	48
1241	1961	36
3572	1961	60
4913	1961	50
3160	1961	81
1654	1961	62
5548	1961	10
1315	1961	28
5436	1961	18
804	1961	33
4929	1961	78
4703	1961	25
3588	1961	75
3815	1961	31
625	1961	87
4891	1961	83
3211	1961	55
4877	1961	58
803	1961	11
5511	1961	38
3215	1961	3
665	1961	73
3246	1961	90
1230	1961	79
5237	1961	57
676	1961	40
3826	1961	9
1058	1961	4
2816	1961	15
3782	1961	77
5059	1961	1
5032	1961	85
1380	1961	91
4006	1961	20
1949	1961	49
3999	1961	13
5571	1961	53
5457	1961	32
2948	1961	39
4061	1961	54
5614	1961	56
4068	1961	97
4188	1961	24
5529	1961	37
1479	1961	17
438	1961	44
2899	1961	94
3992	1961	5
4969	1961	69
5080	1961	23
2879	1961	82
3991	1961	46
5576	1961	47
4961	1961	42
3553	1961	29
3976	1961	89
1952	1961	45
5383	1961	8
2618	1961	65
1784	1961	88
2264	1961	34
430	1961	96
2271	1961	52
4589	1961	12
2429	1961	92
4588	1961	61
4587	1961	95
4794	1961	27
3293	1961	21
22	1961	71
4734	1961	70
420	1961	35
209	1961	26
478	1961	67
741	1961	80
1144	1961	14
3768	1961	30
11	1961	43
5599	1961	93
3279	1961	98
2483	1961	74
389	1961	76
4377	1961	64
457	1961	66
3273	1961	59
4020	1961	86
3760	1961	7
2023	1961	19
5640	1961	99
5545	1961	72
3358	1961	84
1877	1961	68
3383	1961	6
5505	1961	16
2203	1961	2
4534	1961	51
1081	1961	41
3745	1961	100
755	1961	22
4399	1961	63
340	1962	37
3680	1962	74
6	1962	96
29	1962	63
1351	1962	65
3652	1962	14
3045	1962	34
5070	1962	97
473	1962	44
3648	1962	85
3670	1962	35
5205	1962	75
3916	1962	59
3056	1962	76
5133	1962	23
3223	1962	21
5132	1962	89
1005	1962	36
5130	1962	88
5594	1962	70
3274	1962	60
5128	1962	38
1061	1962	47
5427	1962	95
3835	1962	28
3180	1962	3
5193	1962	72
1242	1962	31
3109	1962	67
5596	1962	64
3487	1962	33
3103	1962	41
5107	1962	40
5372	1962	50
1140	1962	79
1138	1962	32
5612	1962	54
3970	1962	4
3693	1962	87
3692	1962	25
3729	1962	27
4167	1962	78
5243	1962	91
4368	1962	92
4894	1962	39
4265	1962	17
2408	1962	93
2252	1962	42
4532	1962	100
4280	1962	51
4286	1962	66
743	1962	15
267	1962	61
4309	1962	10
4865	1962	12
2598	1962	18
4864	1962	24
213	1962	46
2673	1962	6
5702	1962	43
730	1962	26
1379	1962	13
4381	1962	45
4860	1962	9
4846	1962	5
1819	1962	53
2499	1962	98
1812	1962	90
1779	1962	20
2420	1962	94
4458	1962	1
4809	1962	19
229	1962	83
3538	1962	81
4774	1962	7
2167	1962	2
1889	1962	52
828	1962	57
1961	1962	80
2941	1962	86
1450	1962	73
4072	1962	29
4649	1962	84
2882	1962	68
4151	1962	30
5532	1962	16
2871	1962	8
4636	1962	77
5666	1962	71
2674	1962	56
4176	1962	22
4177	1962	55
2378	1962	99
4199	1962	49
284	1962	48
921	1962	69
4923	1962	62
1639	1962	82
4197	1962	58
2004	1962	11
480	1963	60
5513	1963	14
2076	1963	91
789	1963	45
2367	1963	20
1901	1963	4
1991	1963	100
1822	1963	99
851	1963	39
1927	1963	26
1129	1963	37
5494	1963	16
2001	1963	6
826	1963	8
2330	1963	55
2280	1963	15
1076	1963	46
3335	1963	9
2166	1963	51
1389	1963	31
1152	1963	27
2680	1963	72
3159	1963	66
1288	1963	68
1328	1963	76
2713	1963	70
1621	1963	63
549	1963	35
1572	1963	74
1950	1963	71
971	1963	83
1571	1963	47
3013	1963	52
1560	1963	89
1541	1963	7
2951	1963	88
3175	1963	96
3177	1963	92
3195	1963	53
2623	1963	23
1158	1963	97
3276	1963	50
2500	1963	30
5544	1963	93
2524	1963	29
2537	1963	49
678	1963	42
1146	1963	62
677	1963	5
3257	1963	19
670	1963	13
2611	1963	85
660	1963	24
1748	1963	80
1051	1963	43
3201	1963	48
1227	1963	84
1951	1963	34
5604	1963	25
408	1963	78
4786	1963	38
4605	1963	81
3651	1963	79
4624	1963	82
4297	1963	11
3800	1963	12
5134	1963	44
3665	1963	95
5124	1963	98
4669	1963	77
5695	1963	56
5689	1963	17
3786	1963	61
4725	1963	2
4498	1963	10
4828	1963	90
39	1963	58
4210	1963	86
5346	1963	65
4801	1963	67
3721	1963	21
4014	1963	57
4370	1963	36
5189	1963	64
3977	1963	32
3915	1963	69
4533	1963	1
3625	1963	33
5234	1963	18
4968	1963	59
3630	1963	54
4439	1963	41
5261	1963	75
5238	1963	28
3891	1963	3
4491	1963	40
4988	1963	73
3563	1963	87
242	1963	94
4530	1963	22
4839	1964	80
3021	1964	99
4088	1964	63
4139	1964	92
4157	1964	2
3965	1964	75
4840	1964	44
4875	1964	71
3057	1964	19
5447	1964	42
3052	1964	14
1739	1964	23
895	1964	21
1578	1964	66
919	1964	62
4909	1964	98
1638	1964	70
572	1964	64
1642	1964	39
2940	1964	18
2855	1964	34
4531	1964	76
4770	1964	48
2101	1964	89
5643	1964	79
241	1964	30
4426	1964	94
4537	1964	22
2210	1964	5
203	1964	96
2445	1964	81
206	1964	13
2281	1964	73
228	1964	50
2308	1964	95
2340	1964	82
5303	1964	8
726	1964	26
5514	1964	35
2597	1964	27
2007	1964	88
800	1964	54
2812	1964	9
848	1964	68
5341	1964	77
4758	1964	38
1878	1964	93
5616	1964	36
2739	1964	56
2838	1964	69
1881	1964	31
644	1964	45
4721	1964	78
2657	1964	12
820	1964	52
1953	1964	3
2632	1964	74
1994	1964	43
4741	1964	51
1451	1964	6
2943	1964	61
2359	1964	1
5236	1964	37
1274	1964	49
3263	1964	86
1273	1964	32
1102	1964	17
3743	1964	16
36	1964	85
1105	1964	83
1224	1964	55
3631	1964	60
1217	1964	91
1003	1964	84
1208	1964	15
5127	1964	40
3334	1964	46
3345	1964	7
1169	1964	59
3688	1964	11
413	1964	72
5422	1964	10
5158	1964	47
476	1964	33
5166	1964	20
17	1964	65
3404	1964	100
3400	1964	58
468	1964	57
1135	1964	28
1118	1964	25
1304	1964	87
5245	1964	90
3200	1964	41
5024	1964	67
3870	1964	53
525	1964	97
3534	1964	4
3823	1964	24
970	1964	29
5550	1965	1
4707	1965	98
4702	1965	13
4687	1965	18
2345	1965	92
2453	1965	42
2645	1965	83
3059	1965	70
4986	1965	31
3858	1965	76
1913	1965	69
1957	1965	11
5654	1965	57
235	1965	47
1010	1965	61
2712	1965	44
3857	1965	32
2722	1965	56
4226	1965	22
2222	1965	16
1429	1965	29
2741	1965	99
3343	1965	10
481	1965	53
807	1965	49
2629	1965	64
2137	1965	40
5657	1965	4
10	1965	3
2111	1965	100
5297	1965	86
2160	1965	2
462	1965	72
5017	1965	60
2463	1965	97
2040	1965	85
2030	1965	14
2591	1965	73
470	1965	38
1060	1965	9
4595	1965	91
5370	1965	28
5164	1965	21
1398	1965	55
4643	1965	74
2217	1965	75
1531	1965	43
3656	1965	33
2433	1965	46
1958	1965	7
5693	1965	5
4763	1965	39
5049	1965	79
4939	1965	17
2763	1965	12
4122	1965	66
4822	1965	96
1262	1965	77
877	1965	54
4838	1965	45
2927	1965	41
4452	1965	20
1645	1965	34
871	1965	26
1765	1965	51
4858	1965	78
1752	1965	50
2410	1965	23
2950	1965	81
5092	1965	82
5690	1965	84
5359	1965	63
4031	1965	59
5580	1965	27
5083	1965	95
3507	1965	68
2394	1965	58
1339	1965	52
4796	1965	35
3314	1965	19
846	1965	8
3311	1965	25
294	1965	62
4192	1965	15
1853	1965	30
1212	1965	89
5542	1965	67
2822	1965	94
2823	1965	87
4766	1965	88
2826	1965	71
3615	1965	93
4164	1965	65
2265	1965	80
1344	1965	6
1582	1965	48
2258	1965	36
500	1965	37
856	1965	24
302	1965	90
2207	1966	89
4516	1966	22
1059	1966	45
5231	1966	27
1104	1966	85
205	1966	20
4503	1966	35
1123	1966	38
5603	1966	13
4512	1966	14
2143	1966	42
71	1966	54
5513	1966	55
4816	1966	63
38	1966	12
1778	1966	11
1282	1966	67
1743	1966	71
4915	1966	6
908	1966	7
911	1966	68
5577	1966	90
4959	1966	98
1550	1966	82
5558	1966	19
5564	1966	97
1407	1966	41
5007	1966	32
996	1966	28
4788	1966	88
5609	1966	21
1817	1966	99
5192	1966	51
189	1966	2
4566	1966	46
786	1966	33
2067	1966	44
2057	1966	50
4568	1966	81
2126	1966	91
805	1966	1
5534	1966	79
5284	1966	49
141	1966	95
1172	1966	48
1187	1966	43
1857	1966	30
1834	1966	75
1163	1966	96
5593	1966	80
3209	1966	69
4256	1966	53
3369	1966	37
4087	1966	15
3650	1966	34
4142	1966	93
236	1966	100
477	1966	86
650	1966	83
2503	1966	66
5718	1966	92
4168	1966	87
348	1966	94
2818	1966	4
541	1966	60
2902	1966	16
2807	1966	77
538	1966	73
3761	1966	18
4348	1966	64
2754	1966	9
3260	1966	24
536	1966	52
2707	1966	61
3859	1966	25
531	1966	10
280	1966	39
3799	1966	56
3840	1966	5
3827	1966	74
5327	1966	3
3050	1966	62
3660	1966	57
704	1966	26
450	1966	29
4459	1966	8
706	1966	23
3388	1966	72
344	1966	65
3506	1966	84
3457	1966	59
3040	1966	70
5491	1966	40
3527	1966	78
5413	1966	31
2444	1966	36
4079	1966	47
2459	1966	76
569	1966	58
2914	1966	17
4748	1967	29
1712	1967	86
4223	1967	45
1702	1967	68
1701	1967	28
3868	1967	31
2912	1967	6
5023	1967	1
4903	1967	40
286	1967	44
3864	1967	41
2759	1967	16
4021	1967	48
2670	1967	36
4697	1967	83
5675	1967	56
1689	1967	34
958	1967	15
844	1967	10
324	1967	30
950	1967	77
3978	1967	24
4823	1967	49
2938	1967	11
2895	1967	70
1577	1967	27
3037	1967	26
5713	1967	32
2861	1967	69
604	1967	82
4163	1967	78
5448	1967	81
1862	1967	8
4948	1967	52
863	1967	64
936	1967	71
1823	1967	97
1831	1967	72
1832	1967	9
1482	1967	18
2946	1967	92
4768	1967	2
3878	1967	13
1631	1967	73
1433	1967	90
1616	1967	66
975	1967	22
2364	1967	14
3338	1967	46
2090	1967	63
3207	1967	51
192	1967	79
5510	1967	4
3686	1967	55
5316	1967	58
237	1967	38
2156	1967	98
765	1967	35
424	1967	21
2174	1967	91
5190	1967	47
1143	1967	62
2472	1967	54
2461	1967	5
2221	1967	37
2229	1967	93
467	1967	95
466	1967	59
1125	1967	94
3546	1967	42
211	1967	60
3426	1967	20
2300	1967	75
2320	1967	88
2324	1967	12
3520	1967	3
4364	1967	19
4363	1967	67
1657	1967	57
4336	1967	7
1291	1967	99
4645	1967	76
4287	1967	84
1977	1967	80
3740	1967	43
2558	1967	23
1964	1967	89
809	1967	61
42	1967	53
33	1967	65
3228	1967	96
1319	1967	39
4664	1967	100
4567	1967	17
3732	1967	74
4912	1967	50
273	1967	87
4319	1967	33
4306	1967	85
2600	1967	25
50	1968	48
5449	1968	81
3841	1968	49
3417	1968	100
3036	1968	40
3027	1968	27
4927	1968	94
3485	1968	67
1091	1968	20
5109	1968	24
5717	1968	38
1052	1968	16
5670	1968	82
4942	1968	7
929	1968	43
4991	1968	10
3640	1968	73
3728	1968	41
1216	1968	88
3711	1968	96
3316	1968	9
3127	1968	51
3883	1968	78
30	1968	42
28	1968	46
3091	1968	2
3709	1968	55
490	1968	83
4970	1968	30
3691	1968	5
27	1968	4
1543	1968	39
5002	1968	87
3138	1968	62
394	1968	28
3272	1968	13
1405	1968	80
1149	1968	66
1022	1968	32
3220	1968	19
4058	1968	89
2794	1968	23
4735	1968	69
4245	1968	70
2687	1968	50
4228	1968	33
4744	1968	8
5699	1968	15
4559	1968	84
4756	1968	21
5536	1968	79
2802	1968	60
2805	1968	34
196	1968	35
4185	1968	75
4541	1968	97
1873	1968	11
2480	1968	59
2679	1968	25
2513	1968	85
2029	1968	37
2564	1968	71
2006	1968	99
801	1968	86
4607	1968	54
1993	1968	1
2130	1968	61
1967	1968	92
4365	1968	65
4252	1968	44
4692	1968	29
279	1968	57
4388	1968	26
4421	1968	64
1954	1968	14
2224	1968	58
2058	1968	3
5627	1968	77
4508	1968	56
2311	1968	93
4044	1968	90
4779	1968	36
713	1968	63
2942	1968	12
1758	1968	74
4861	1968	76
710	1968	31
4517	1968	6
1708	1968	45
4073	1968	95
2278	1968	53
2321	1968	68
2376	1968	22
2911	1968	52
601	1968	98
1813	1968	18
4785	1968	91
2382	1968	72
4449	1968	17
1821	1968	47
3310	1969	95
3556	1969	11
2065	1969	99
1062	1969	12
4362	1969	98
1225	1969	47
3291	1969	68
2073	1969	7
2557	1969	26
3526	1969	93
5310	1969	40
2390	1969	48
2479	1969	51
1197	1969	6
3386	1969	97
4539	1969	18
2236	1969	88
2432	1969	60
2431	1969	87
3282	1969	50
2550	1969	35
4550	1969	22
2158	1969	3
2134	1969	30
3610	1969	38
2409	1969	8
3336	1969	32
4386	1969	27
4553	1969	100
3979	1969	78
2641	1969	21
2563	1969	67
2830	1969	52
3072	1969	15
3055	1969	94
1820	1969	31
1814	1969	17
1781	1969	43
4957	1969	56
4493	1969	1
1759	1969	29
4941	1969	64
2824	1969	96
4940	1969	84
1719	1969	61
2953	1969	41
3025	1969	42
1643	1969	59
1700	1969	89
1682	1969	16
4925	1969	70
1646	1969	79
3994	1969	57
4917	1969	44
4890	1969	74
2062	1969	4
1460	1969	5
1457	1969	73
3755	1969	77
5386	1969	71
5329	1969	20
3796	1969	19
4337	1969	83
5125	1969	69
4273	1969	76
3813	1969	46
1659	1969	25
4685	1969	72
1841	1969	13
3833	1969	86
4714	1969	75
5074	1969	81
5073	1969	54
5064	1969	49
5039	1969	14
1393	1969	33
5010	1969	39
1890	1969	58
5003	1969	63
1852	1969	90
2660	1969	23
3536	1969	82
2614	1969	55
443	1969	53
489	1969	92
5651	1969	80
485	1969	28
482	1969	37
472	1969	34
520	1969	24
1041	1969	10
5707	1969	91
772	1969	9
198	1969	36
425	1969	2
968	1969	85
815	1969	62
5694	1969	45
651	1969	66
955	1969	65
145	1970	Arizona
146	1970	Fire and Rain
67	1970	Thank You (Falettinme Be Mice Elf Agin)
152	1970	I'll Be There
149	1970	Groovy Situation
54	1970	Call Me
143	1970	We've Only Just Begun
65	1970	Candida
64	1970	Cracklin' Rosie
142	1970	United We Stand
135	1970	Ain't No Mountain High Enough
139	1970	My Baby Loves Lovin'
138	1970	25 or 6 to 4
137	1970	The House of the Rising Sun
157	1970	No Time
134	1970	Make Me Smile
133	1970	Still Water (Love)
132	1970	Express Yourself
73	1970	(They Long to Be) Close to You
131	1970	Easy Come, Easy Go
130	1970	(I Know) I'm Losing You
129	1970	Indiana Wants Me
128	1970	In the Summertime
127	1970	Lola
126	1970	Turn Back the Hands of Time
140	1970	Love or Let Me Be Lonely
158	1970	Didn't I (Blow Your Mind This Time)
92	1970	All Right Now
160	1970	Up Around the Bend
58	1970	Everything Is Beautiful
180	1970	Let It Be
182	1970	Come Saturday Morning
183	1970	Psychedelic Shack
46	1970	Bridge Over Troubled Water
184	1970	Without Love (There Is Nothing)
57	1970	Mama Told Me (Not to Come)
185	1970	Are You Ready?
186	1970	Woodstock
187	1970	I'll Never Fall in Love Again
188	1970	Look What They've Done to My Song Ma
190	1970	Walk A Mile In My Shoes
191	1970	The Thrill Is Gone
193	1970	It's Only Make Believe
53	1970	Band of Gold
179	1970	Travelin' Band
178	1970	Up the Ladder to the Roof
177	1970	Lay a Little Lovin' on Me
175	1970	Gimme Dat Ding
62	1970	The Love You Save
161	1970	(If You Let Me Make Love To You Then) Why Can't I Touch You?
162	1970	I Just Can't Help Believing
163	1970	It's a Shame
164	1970	For the Love of Him
60	1970	Hitchin' a Ride
165	1970	Mississippi Queen
159	1970	The Wonder of You
166	1970	I Want to Take You Higher
168	1970	The Letter
170	1970	Ma Belle Amie
59	1970	Make It with You
171	1970	The Bells
172	1970	Yellow River
173	1970	Somebody's Been Sleeping
174	1970	Vehicle
167	1970	Get Ready
61	1970	ABC
150	1970	Evil Ways
83	1970	Spirit in the Sky
118	1970	Tighter, Tighter
117	1970	He Ain't Heavy, He's My Brother
116	1970	The Rapper
115	1970	Hey There Lonely Girl
114	1970	Reflections of My Life
79	1970	Spill the Wine
113	1970	Snowbird
112	1970	The Long and Winding Road
111	1970	Love Grows (Where My Rosemary Goes)
80	1970	O-o-h Child
93	1970	I Want You Back
108	1970	Raindrops Keep Fallin' on My Head
107	1970	Give Me Just a Little More Time
119	1970	Come and Get It
106	1970	Something's Burning
104	1970	Lookin' out My Back Door
123	1970	Love Land
85	1970	Lay Down (Candles in the Rain)
87	1970	Ball of Confusion (That's What the World Is Today)
103	1970	Patches
102	1970	Instant Karma!
101	1970	Venus
100	1970	Ride Captain Ride
99	1970	Signed, Sealed, Delivered I'm Yours
98	1970	Green-Eyed Lady
96	1970	American Woman
90	1970	Love on a Two-Way Street
94	1970	Julie, Do Ya Love Me
105	1970	Rainy Night in Georgia
120	1970	Cecilia
91	1970	Which Way You Goin' Billy?
121	1970	War
3967	1971	41
4525	1971	30
3898	1971	99
1747	1971	7
1829	1971	77
4802	1971	20
3133	1971	2
4552	1971	58
2184	1971	50
5015	1971	12
4175	1971	25
5013	1971	87
2903	1971	69
3162	1971	86
4599	1971	8
4170	1971	64
1232	1971	53
4351	1971	100
4524	1971	26
767	1971	18
3189	1971	11
5266	1971	78
3192	1971	59
1286	1971	42
3206	1971	62
1965	1971	83
3912	1971	97
1838	1971	39
749	1971	52
4683	1971	47
35	1971	72
2711	1971	9
2982	1971	82
276	1971	23
4274	1971	14
404	1971	60
1392	1971	68
913	1971	34
3570	1971	98
1633	1971	75
3032	1971	94
5585	1971	51
754	1971	65
5496	1971	73
4656	1971	29
4898	1971	89
2566	1971	6
1263	1971	93
1956	1971	36
2379	1971	88
2245	1971	66
4221	1971	24
5549	1971	79
592	1971	56
2234	1971	81
4883	1971	92
2282	1971	45
1215	1971	19
2144	1971	91
917	1971	71
4563	1971	96
5165	1971	22
3558	1971	4
3587	1971	63
3797	1971	55
3304	1971	17
3306	1971	44
4571	1971	32
2475	1971	27
1347	1971	54
2487	1971	61
5379	1971	46
2779	1971	10
2593	1971	43
2639	1971	3
2506	1971	76
3828	1971	37
5079	1971	85
377	1971	28
2501	1971	90
1969	1971	95
2677	1971	1
3413	1971	40
4437	1971	70
4419	1971	57
5538	1971	84
5255	1971	13
5409	1971	74
2523	1971	48
3382	1971	31
1575	1971	35
5082	1971	15
2514	1971	38
368	1971	80
3414	1971	67
4376	1971	49
2093	1971	5
3810	1971	33
5363	1971	21
5691	1971	16
4631	1972	85
722	1972	9
723	1972	12
5047	1972	34
1289	1972	86
4409	1972	38
2770	1972	74
3767	1972	28
3805	1972	67
1465	1972	52
946	1972	66
2450	1972	59
4352	1972	26
2555	1972	53
2842	1972	7
1453	1972	29
1746	1972	33
600	1972	20
2416	1972	19
373	1972	3
4580	1972	64
5615	1972	68
200	1972	70
3774	1972	83
3779	1972	30
4378	1972	96
615	1972	18
2897	1972	11
3765	1972	100
2388	1972	93
2387	1972	97
2834	1972	60
1337	1972	36
3411	1972	73
5247	1972	98
1668	1972	56
2077	1972	69
785	1972	48
3445	1972	32
3287	1972	44
20	1972	31
4749	1972	55
5208	1972	94
3292	1972	57
3295	1972	89
3439	1972	14
495	1972	35
3339	1972	15
2042	1972	50
923	1972	45
2676	1972	71
3947	1972	41
1122	1972	90
1121	1972	61
1120	1972	39
3944	1972	40
4769	1972	21
4029	1972	76
2991	1972	24
1604	1972	82
4063	1972	43
474	1972	95
4071	1972	87
655	1972	63
1653	1972	46
484	1972	8
4062	1972	75
2100	1972	25
4732	1972	1
4514	1972	37
2997	1972	54
4887	1972	81
2310	1972	88
4255	1972	23
567	1972	42
281	1972	84
1503	1972	79
1079	1972	10
15	1972	16
208	1972	27
1690	1972	99
409	1972	72
930	1972	49
3525	1972	13
1916	1972	17
4882	1972	62
1373	1972	77
2691	1972	51
4712	1972	5
2135	1972	65
2226	1972	6
3635	1972	22
5087	1972	80
1228	1972	92
5430	1972	58
5528	1972	4
346	1972	2
3973	1972	91
2155	1972	47
5197	1972	78
4526	1973	26
2602	1973	98
5306	1973	23
4520	1973	65
5067	1973	10
1523	1973	54
696	1973	71
1637	1973	83
1634	1973	84
4803	1973	11
1971	1973	63
4789	1973	28
2012	1973	62
1606	1973	96
2025	1973	69
1600	1973	16
4989	1973	1
924	1973	72
1663	1973	67
2525	1973	43
4718	1973	51
4859	1973	99
1842	1973	20
1837	1973	93
2147	1973	58
764	1973	13
5503	1973	8
5500	1973	25
4668	1973	21
5712	1973	53
4889	1973	94
733	1973	88
2423	1973	46
4715	1973	55
4472	1973	30
2430	1973	33
2653	1973	86
1006	1973	47
5681	1973	9
3270	1973	38
1203	1973	73
3261	1973	92
4136	1973	31
3221	1973	49
1221	1973	76
526	1973	2
3190	1973	15
3110	1973	27
1253	1973	87
3074	1973	32
4233	1973	59
277	1973	60
2994	1973	41
4277	1973	50
2959	1973	56
4300	1973	77
2952	1973	18
593	1973	52
2885	1973	4
5582	1973	70
5592	1973	19
4375	1973	97
3368	1973	5
3375	1973	64
1042	1973	7
3834	1973	79
395	1973	85
3863	1973	68
3731	1973	12
3714	1973	22
1080	1973	44
1082	1973	89
3683	1973	81
3655	1973	100
3907	1973	24
352	1973	90
1100	1973	37
3594	1973	82
1113	1973	48
1114	1973	36
3946	1973	78
3952	1973	29
3533	1973	57
1150	1973	14
3405	1973	45
3396	1973	39
1165	1973	40
4056	1973	34
2817	1973	66
3184	1973	80
2784	1973	74
5474	1973	75
1378	1973	61
2748	1973	35
1362	1973	17
5578	1973	95
2758	1973	3
4446	1973	91
1727	1973	42
5479	1973	6
3376	1974	92
5183	1974	11
638	1974	21
4780	1974	86
2747	1974	66
3344	1974	90
4762	1974	40
4075	1974	2
2053	1974	59
2701	1974	36
4772	1974	6
2066	1974	20
925	1974	84
5658	1974	54
4217	1974	19
4207	1974	15
3100	1974	3
5502	1974	93
4689	1974	50
533	1974	22
3188	1974	95
5008	1974	24
1424	1974	62
3222	1974	13
3224	1974	100
2521	1974	32
4726	1974	48
3255	1974	52
4790	1974	23
1584	1974	75
3430	1974	55
5679	1974	31
2237	1974	97
3931	1974	38
3925	1974	17
5663	1974	57
3923	1974	29
1097	1974	5
3913	1974	51
4510	1974	27
1854	1974	61
4873	1974	1
5632	1974	14
217	1974	80
400	1974	25
3733	1974	65
4901	1974	47
3811	1974	68
3821	1974	64
1794	1974	72
813	1974	98
4845	1974	8
3935	1974	58
5271	1974	49
4800	1974	46
3528	1974	74
3532	1974	70
233	1974	89
3547	1974	69
1955	1974	53
4842	1974	42
3565	1974	10
1942	1974	91
3948	1974	96
3938	1974	43
13	1974	73
1116	1974	33
2690	1974	12
4518	1974	18
1948	1974	82
3498	1974	37
2668	1974	77
1518	1974	35
4584	1974	7
2865	1974	26
5057	1974	39
5490	1974	99
2434	1974	81
602	1974	9
690	1974	30
2406	1974	85
2847	1974	71
4652	1974	56
973	1974	4
3003	1974	67
40	1974	28
5103	1974	87
4621	1974	63
2312	1974	76
2969	1974	45
4278	1974	44
1275	1974	78
1325	1974	88
2269	1974	83
4384	1974	16
2478	1974	41
5105	1974	79
555	1974	94
552	1974	60
611	1974	34
3701	1975	3
441	1975	19
591	1975	4
5402	1975	47
825	1975	81
4330	1975	92
3571	1975	65
912	1975	46
2693	1975	88
2804	1975	22
1480	1975	58
396	1975	28
5404	1975	75
2825	1975	8
3748	1975	56
2935	1975	41
4314	1975	74
2799	1975	60
3466	1975	87
1383	1975	51
3412	1975	71
653	1975	15
2467	1975	95
1069	1975	70
1895	1975	18
4832	1975	85
2603	1975	86
5624	1975	84
5685	1975	48
3707	1975	20
9	1975	17
2671	1975	11
3885	1975	2
4874	1975	53
2447	1975	77
1093	1975	69
4935	1975	97
5262	1975	26
873	1975	38
612	1975	12
3606	1975	96
3603	1975	94
2986	1975	83
3602	1975	62
1666	1975	76
1664	1975	64
2437	1975	40
1662	1975	100
3741	1975	49
3592	1975	9
3742	1975	32
1886	1975	36
2438	1975	42
2992	1975	90
5473	1975	23
693	1975	25
1244	1975	55
1202	1975	80
4693	1975	16
4184	1975	79
2757	1975	78
2185	1975	72
512	1975	93
4240	1975	33
2106	1975	57
3136	1975	31
4180	1975	6
5499	1975	39
3250	1975	91
777	1975	89
5588	1975	98
3168	1975	35
2788	1975	14
5248	1975	52
2650	1975	29
1229	1975	63
3219	1975	54
5677	1975	50
523	1975	61
4661	1975	10
2110	1975	68
3120	1975	34
1542	1975	30
2152	1975	43
1498	1975	44
5591	1975	66
3340	1975	5
1517	1975	67
1524	1975	45
3081	1975	24
1007	1975	37
1500	1975	7
4118	1975	82
3112	1975	13
3077	1975	1
3288	1975	73
1535	1975	27
4546	1975	99
4686	1975	59
4760	1975	21
4682	1976	45
4166	1976	81
1731	1976	93
2587	1976	65
2771	1976	6
2851	1976	67
3902	1976	28
4227	1976	1
5667	1976	32
3115	1976	49
1805	1976	78
3097	1976	41
5646	1976	22
5674	1976	83
4204	1976	50
1764	1976	33
4562	1976	27
4897	1976	29
4895	1976	43
4187	1976	63
691	1976	20
3049	1976	7
4501	1976	74
3727	1976	5
3884	1976	77
5700	1976	90
688	1976	18
4709	1976	87
3033	1976	23
3031	1976	15
3275	1976	34
124	1976	8
3285	1976	17
5312	1976	58
4025	1976	11
3061	1976	30
4028	1976	64
262	1976	12
5647	1976	31
4620	1976	98
327	1976	40
4444	1976	82
4051	1976	53
5522	1976	84
202	1976	10
2983	1976	39
4264	1976	85
487	1976	89
463	1976	68
5318	1976	71
3264	1976	92
2694	1976	94
2519	1976	48
3599	1976	35
2273	1976	52
3933	1976	96
212	1976	46
4140	1976	47
2424	1976	72
5462	1976	86
3936	1976	62
2384	1976	13
4594	1976	25
4234	1976	59
3251	1976	19
2395	1976	61
2884	1976	66
1939	1976	60
4570	1976	44
2389	1976	21
4390	1976	99
3035	1976	9
2878	1976	36
743	1976	91
2854	1976	75
1599	1976	76
1192	1976	3
1142	1976	4
992	1976	57
1562	1976	14
25	1976	26
1145	1976	42
1473	1976	70
1506	1976	79
1189	1976	97
5012	1976	54
1353	1976	51
1684	1976	24
1161	1976	55
4958	1976	69
1354	1976	37
1567	1976	56
1661	1976	16
1259	1976	2
5227	1976	73
5120	1976	38
5102	1976	95
1692	1976	80
1015	1976	100
5232	1976	88
865	1977	58
2457	1977	11
1806	1977	20
543	1977	53
41	1977	8
5168	1977	9
3481	1977	83
1390	1977	33
2083	1977	19
4641	1977	15
1432	1977	4
5610	1977	27
3893	1977	23
4320	1977	88
1358	1977	39
3065	1977	80
5661	1977	48
2075	1977	25
5633	1977	13
855	1977	26
2738	1977	75
1009	1977	32
1850	1977	46
3007	1977	37
4834	1977	81
667	1977	36
3016	1977	70
5377	1977	16
2375	1977	51
1130	1977	41
5389	1977	24
4238	1977	18
1266	1977	7
3548	1977	30
1075	1977	45
1421	1977	40
1910	1977	57
5058	1977	10
4303	1977	38
3099	1977	85
2604	1977	66
391	1977	5
4852	1977	44
3118	1977	43
2963	1977	77
5311	1977	65
270	1977	86
2724	1977	47
2336	1977	87
905	1977	91
1293	1977	52
2010	1977	84
4276	1977	67
2980	1977	50
5575	1977	92
952	1977	68
2904	1977	74
5274	1977	64
1258	1977	29
3174	1977	14
4460	1977	54
1164	1977	100
2661	1977	73
1559	1977	28
1316	1977	96
2669	1977	62
5676	1977	56
1769	1977	21
1556	1977	72
613	1977	3
4361	1977	95
1098	1977	12
1222	1977	17
3444	1977	55
3433	1977	59
3348	1977	60
2476	1977	35
1753	1977	94
5035	1977	1
5239	1977	90
692	1977	93
4372	1977	22
1527	1977	31
1733	1977	78
431	1977	69
260	1977	61
2244	1977	2
3324	1977	89
2109	1977	98
4396	1977	63
4673	1977	79
2299	1977	82
2259	1977	6
2783	1977	97
4544	1977	49
2465	1977	42
5631	1977	76
4402	1977	99
3910	1977	34
4403	1977	71
1394	1978	96
5137	1978	30
4445	1978	52
1261	1978	71
1270	1978	80
2643	1978	24
3038	1978	23
3043	1978	46
1990	1978	68
4120	1978	1
1528	1978	21
4000	1978	82
4974	1978	10
4253	1978	48
1980	1978	60
2810	1978	34
4984	1978	50
1278	1978	93
5660	1978	76
3874	1978	65
4614	1978	32
4797	1978	97
359	1978	75
2215	1978	12
2829	1978	15
1011	1978	66
2909	1978	87
3628	1978	43
4746	1978	49
2634	1978	90
2068	1978	35
2069	1978	36
2072	1978	22
1499	1978	79
1566	1978	84
3326	1978	53
5684	1978	37
4717	1978	38
5605	1978	89
465	1978	67
4095	1978	78
4347	1978	33
5121	1978	94
5642	1978	63
1089	1978	29
2094	1978	6
2492	1978	19
5523	1978	18
5419	1978	83
3395	1978	91
2769	1978	5
1191	1978	54
2727	1978	17
1439	1978	73
3685	1978	62
2285	1978	88
5373	1978	70
694	1978	9
4569	1978	86
2165	1978	95
5304	1978	98
966	1978	56
1095	1978	20
4505	1978	69
4102	1978	77
5199	1978	42
581	1978	72
2052	1978	99
4425	1978	4
1551	1978	92
21	1978	8
4137	1978	64
5630	1978	3
5595	1978	59
4	1978	57
674	1978	61
1381	1978	39
1815	1978	11
1409	1978	14
3239	1978	16
3140	1978	40
3443	1978	2
1002	1978	74
679	1978	81
1133	1978	100
3076	1978	44
1678	1978	85
530	1978	26
4963	1978	58
5054	1978	28
4190	1978	41
2531	1978	51
460	1978	7
3541	1978	55
5688	1978	13
379	1978	45
5301	1978	25
2649	1978	31
837	1978	27
1792	1978	47
4456	1979	100
2115	1979	87
1687	1979	83
2108	1979	84
1796	1979	52
4720	1979	50
3322	1979	49
695	1979	57
4499	1979	61
4179	1979	71
1434	1979	55
1248	1979	26
5052	1979	11
3882	1979	5
1243	1979	81
214	1979	17
2044	1979	44
3126	1979	12
5411	1979	13
3436	1979	60
4100	1979	78
2078	1979	7
4005	1979	10
3153	1979	14
1804	1979	69
3158	1979	36
1090	1979	95
1785	1979	20
5652	1979	86
4477	1979	23
708	1979	70
2781	1979	22
1330	1979	88
24	1979	58
5076	1979	16
3614	1979	77
2220	1979	90
2553	1979	48
5276	1979	53
5307	1979	94
5608	1979	21
4148	1979	47
3360	1979	28
4538	1979	85
2241	1979	72
2243	1979	75
5355	1979	19
2798	1979	42
4012	1979	98
518	1979	2
2835	1979	3
2836	1979	24
5005	1979	79
3794	1979	82
4596	1979	56
5353	1979	59
2412	1979	32
3914	1979	9
3918	1979	80
3380	1979	1
1096	1979	96
259	1979	38
2285	1979	64
1470	1979	89
1760	1979	51
4704	1979	97
516	1979	92
2177	1979	99
3921	1979	54
4143	1979	46
1544	1979	15
4350	1979	93
1294	1979	91
1915	1979	18
4123	1979	73
1193	1979	76
4782	1979	35
2715	1979	29
918	1979	63
2352	1979	34
3875	1979	67
1077	1979	4
2353	1979	62
3020	1979	41
3084	1979	33
5570	1979	8
1940	1979	43
1938	1979	39
2362	1979	37
2363	1979	74
3044	1979	68
1902	1979	45
4133	1979	31
4132	1979	25
5601	1979	30
2370	1979	6
2990	1979	66
4775	1979	27
4738	1979	40
275	1979	65
2877	1980	59
3734	1980	19
3552	1980	52
4619	1980	86
2675	1980	89
1427	1980	11
3018	1980	15
309	1980	99
3716	1980	77
1267	1980	63
1251	1980	64
378	1980	72
2098	1980	68
3896	1980	17
4092	1980	43
1410	1980	53
1368	1980	85
2302	1980	80
4195	1980	76
5123	1980	94
2995	1980	33
4837	1980	44
759	1980	92
4023	1980	87
5291	1980	45
4833	1980	10
737	1980	97
724	1980	41
3941	1980	4
5521	1980	21
2133	1980	78
5678	1980	57
4171	1980	65
4448	1980	46
266	1980	51
1179	1980	74
2876	1980	70
983	1980	7
5217	1980	88
1066	1980	29
1254	1980	31
5581	1980	24
3521	1980	79
311	1980	55
1155	1980	58
994	1980	56
2334	1980	95
2889	1980	30
5191	1980	18
3278	1980	39
4440	1980	23
2015	1980	50
1635	1980	8
4379	1980	42
5045	1980	36
3135	1980	3
1385	1980	84
1546	1980	67
4101	1980	90
1047	1980	13
2535	1980	96
2575	1980	69
1918	1980	47
402	1980	2
4427	1980	26
2944	1980	16
634	1980	27
4776	1980	81
3962	1980	60
3763	1980	40
3465	1980	38
2168	1980	62
3865	1980	100
2795	1980	35
5607	1980	93
2636	1980	9
4183	1980	98
4610	1980	37
1207	1980	5
5637	1980	75
867	1980	12
3918	1980	54
4181	1980	22
1501	1980	66
4947	1980	28
4113	1980	25
1924	1980	83
1034	1980	6
4400	1980	82
3562	1980	73
451	1980	20
1730	1980	91
5016	1980	48
5559	1980	14
1020	1980	34
810	1980	1
3252	1980	71
1124	1980	61
4013	1980	32
619	1980	49
2187	1981	44
3182	1981	69
2967	1981	34
4696	1981	93
2284	1981	8
18	1981	4
2421	1981	98
2773	1981	7
4700	1981	30
2624	1981	42
4018	1981	79
369	1981	62
2797	1981	3
5442	1981	94
3816	1981	14
4574	1981	50
434	1981	64
181	1981	9
2800	1981	39
1647	1981	66
1446	1981	27
4279	1981	88
5533	1981	21
2631	1981	82
5340	1981	85
1292	1981	71
1926	1981	41
616	1981	1
1736	1981	60
1529	1981	77
2726	1981	18
5026	1981	53
4483	1981	91
4406	1981	24
321	1981	74
215	1981	61
4847	1981	76
2021	1981	46
2276	1981	20
998	1981	80
4808	1981	28
2665	1981	5
1947	1981	70
4107	1981	97
4593	1981	32
5440	1981	68
4258	1981	19
4886	1981	23
3095	1981	26
3280	1981	52
5535	1981	35
595	1981	13
5084	1981	83
5196	1981	37
31	1981	33
2087	1981	45
3237	1981	99
4429	1981	75
1581	1981	92
1408	1981	31
4997	1981	48
4549	1981	78
2745	1981	10
5267	1981	86
4322	1981	51
1835	1981	29
3289	1981	12
406	1981	65
3850	1981	96
2000	1981	72
4955	1981	58
3678	1981	38
4854	1981	17
2036	1981	81
269	1981	63
239	1981	16
393	1981	25
2164	1981	67
5004	1981	100
3258	1981	95
5692	1981	90
5326	1981	55
1057	1981	40
5636	1981	43
5463	1981	56
1417	1981	2
4497	1981	22
4450	1981	59
4711	1981	47
2128	1981	49
883	1981	6
4708	1981	36
3836	1981	15
2288	1981	89
5053	1981	54
1132	1981	57
5512	1981	84
4646	1981	87
4899	1981	11
2142	1981	73
5200	1982	87
2648	1982	7
5263	1982	57
3566	1982	61
4667	1982	43
5475	1982	54
4604	1982	85
5296	1982	25
3535	1982	88
176	1982	16
3529	1982	69
1483	1982	32
4591	1982	41
5600	1982	65
2274	1982	3
5649	1982	18
5088	1982	45
434	1982	98
243	1982	9
5606	1982	64
4585	1982	11
2756	1982	91
4590	1982	70
2751	1982	17
2750	1982	50
1171	1982	66
2303	1982	67
1484	1982	2
1414	1982	76
2246	1982	81
1928	1982	40
4814	1982	26
3042	1982	59
4127	1982	23
1199	1982	95
4978	1982	99
1970	1982	80
3705	1982	1
1613	1982	49
3698	1982	60
3080	1982	72
5701	1982	48
411	1982	83
2027	1982	31
5222	1982	94
5221	1982	19
1299	1982	20
1431	1982	37
5583	1982	77
4321	1982	68
2064	1982	56
2080	1982	90
1295	1982	73
144	1982	39
3090	1982	55
4554	1982	28
5362	1982	93
1742	1982	75
999	1982	52
4928	1982	58
1757	1982	97
884	1982	5
3229	1982	86
675	1982	62
1040	1982	78
897	1982	12
3098	1982	47
881	1982	53
3789	1982	44
3165	1982	92
3154	1982	46
3151	1982	84
1665	1982	82
4193	1982	89
4851	1982	21
362	1982	22
1870	1982	10
1871	1982	13
1211	1982	51
1396	1982	100
5452	1982	30
3966	1982	14
980	1982	74
3618	1982	34
5118	1982	27
2159	1982	15
2136	1982	8
1442	1982	79
3649	1982	42
2864	1982	24
3609	1982	29
2837	1982	35
1395	1982	4
1324	1982	6
2893	1982	33
2617	1982	71
5560	1982	96
2845	1982	36
3627	1982	63
2482	1982	38
2644	1983	76
4835	1983	35
3155	1983	66
744	1983	99
3939	1983	52
5320	1983	88
2477	1983	94
5188	1983	27
5659	1983	12
4455	1983	71
5252	1983	68
2381	1983	69
5100	1983	85
4602	1983	83
5036	1983	96
4138	1983	14
1134	1983	86
5589	1983	29
1246	1983	98
1510	1983	93
1797	1983	51
3216	1983	36
3814	1983	31
1153	1983	30
4395	1983	44
4149	1983	23
1218	1983	11
3419	1983	16
3367	1983	73
1742	1983	56
4162	1983	15
1336	1983	4
2663	1983	21
318	1983	78
4461	1983	42
5055	1983	50
2417	1983	77
5710	1983	79
19	1983	33
483	1983	8
3595	1983	39
3795	1983	64
2828	1983	87
5060	1983	6
3171	1983	9
3169	1983	7
5602	1983	37
962	1983	13
4174	1983	58
3626	1983	53
5126	1983	19
2088	1983	61
960	1983	63
4110	1983	32
1403	1983	22
3643	1983	54
2883	1983	18
312	1983	70
3677	1983	91
70	1983	41
2947	1983	25
5308	1983	40
1492	1983	81
4312	1983	59
1504	1983	67
2129	1983	17
2121	1983	89
1495	1983	100
3309	1983	28
339	1983	43
4098	1983	38
2074	1983	75
4740	1983	49
1435	1983	1
4642	1983	45
4999	1983	34
5622	1983	97
2599	1983	95
635	1983	2
4557	1983	10
5094	1983	47
358	1983	46
3702	1983	90
256	1983	57
4812	1983	65
916	1983	62
257	1983	24
1185	1983	48
1922	1983	80
1552	1983	3
2449	1983	74
26	1983	84
557	1983	5
1917	1983	72
4433	1983	82
2584	1983	55
2253	1983	20
503	1983	26
4583	1983	92
1269	1983	60
3483	1984	81
5572	1984	100
2588	1984	56
343	1984	59
3434	1984	95
2567	1984	58
194	1984	28
4001	1984	53
5406	1984	98
5366	1984	2
4474	1984	32
4007	1984	54
2507	1984	64
2489	1984	47
1019	1984	67
3971	1984	87
4511	1984	36
2442	1984	76
1721	1984	75
703	1984	35
1946	1984	7
5639	1984	65
4976	1984	78
1968	1984	38
920	1984	82
4777	1984	89
5129	1984	42
2028	1984	23
265	1984	5
3719	1984	86
1088	1984	74
4753	1984	44
4742	1984	30
4323	1984	26
5000	1984	17
1573	1984	4
4089	1984	20
2894	1984	13
2892	1984	21
5006	1984	84
2050	1984	79
3039	1984	57
4239	1984	40
3067	1984	62
4920	1984	71
1717	1984	15
4150	1984	34
4930	1984	83
380	1984	72
1698	1984	9
310	1984	12
3236	1984	63
1803	1984	91
3142	1984	96
859	1984	51
1045	1984	73
4866	1984	46
3137	1984	97
5385	1984	1
1063	1984	68
3245	1984	11
3119	1984	66
1866	1984	45
1904	1984	88
4826	1984	16
3645	1984	8
2151	1984	29
2881	1984	49
4043	1984	22
2228	1984	33
4626	1984	19
3549	1984	94
2239	1984	25
4670	1984	52
5030	1984	90
2355	1984	55
5565	1984	85
742	1984	80
1485	1984	37
4047	1984	3
736	1984	69
5169	1984	93
2316	1984	77
2734	1984	10
731	1984	27
4412	1984	61
2684	1984	18
1365	1984	41
5195	1984	39
446	1984	48
3531	1984	31
2850	1984	60
254	1984	70
2672	1984	24
2683	1984	6
1099	1984	14
3924	1984	99
5019	1984	50
5177	1984	43
1101	1984	92
1391	1985	12
4035	1985	23
3214	1985	27
3446	1985	40
2692	1985	91
234	1985	35
3244	1985	49
1361	1985	98
3210	1985	83
300	1985	42
1210	1985	90
3233	1985	69
3406	1985	38
995	1985	26
3185	1985	58
3428	1985	44
4492	1985	100
3107	1985	29
1318	1985	16
5464	1985	85
5467	1985	94
313	1985	97
5249	1985	75
2833	1985	84
4096	1985	99
4470	1985	46
2929	1985	2
4315	1985	79
4482	1985	52
4311	1985	80
617	1985	59
4070	1985	34
4506	1985	74
4391	1985	18
4284	1985	62
2985	1985	86
1279	1985	64
322	1985	65
5319	1985	87
3267	1985	8
551	1985	71
5597	1985	30
3105	1985	28
4198	1985	21
4097	1985	50
2466	1985	82
3530	1985	31
3890	1985	32
1903	1985	60
3667	1985	22
2360	1985	4
1036	1985	9
4618	1985	10
4836	1985	48
906	1985	17
1614	1985	89
3989	1985	66
5046	1985	77
4710	1985	53
386	1985	81
2161	1985	73
858	1985	1
4819	1985	15
3633	1985	6
5283	1985	14
5686	1985	37
806	1985	88
1466	1985	25
707	1985	92
1612	1985	43
3518	1985	56
5225	1985	3
1608	1985	76
447	1985	61
1472	1985	11
822	1985	13
1455	1985	7
3687	1985	96
1931	1985	24
1594	1985	95
5281	1985	39
4754	1985	19
5289	1985	57
5279	1985	20
2205	1985	5
5563	1985	70
4540	1985	45
3837	1985	51
5618	1985	47
3788	1985	93
4885	1985	36
3582	1985	54
2522	1985	55
1744	1985	67
5212	1985	68
3578	1985	33
5202	1985	78
3464	1985	72
4924	1985	41
2541	1985	63
2960	1986	35
5288	1986	60
2045	1986	22
2764	1986	19
4598	1986	59
4603	1986	27
2173	1986	46
2970	1986	65
2398	1986	99
3544	1986	4
4055	1986	2
2013	1986	20
5391	1986	32
3695	1986	64
5033	1986	81
1107	1986	42
4597	1986	88
2789	1986	9
986	1986	40
4657	1986	95
1103	1986	39
2290	1986	3
249	1986	10
5332	1986	43
2169	1986	26
5315	1986	15
4629	1986	73
761	1986	5
3393	1986	58
3922	1986	28
4081	1986	12
4623	1986	57
5619	1986	30
5709	1986	62
2891	1986	45
3654	1986	29
5472	1986	69
1360	1986	94
5416	1986	31
2908	1986	78
4338	1986	37
784	1986	8
4385	1986	92
3407	1986	18
3669	1986	7
475	1986	85
5203	1986	38
5091	1986	41
5090	1986	76
5465	1986	67
4676	1986	1
2760	1986	96
2113	1986	6
2120	1986	25
3469	1986	44
4475	1986	21
287	1986	17
4910	1986	16
4225	1986	70
2518	1986	53
4850	1986	55
1750	1986	100
5714	1986	91
4268	1986	72
4561	1986	90
3073	1986	82
2579	1986	54
3075	1986	97
5551	1986	68
301	1986	74
1256	1986	34
5140	1986	51
3172	1986	48
5142	1986	71
293	1986	61
3982	1986	77
1402	1986	86
1745	1986	14
2458	1986	63
365	1986	50
1618	1986	13
201	1986	98
5241	1986	49
3819	1986	66
1816	1986	11
4981	1986	84
5240	1986	89
216	1986	83
4558	1986	75
3447	1986	87
4024	1986	24
1050	1986	52
4249	1986	80
3516	1986	93
3132	1986	36
4247	1986	23
4916	1986	33
5552	1986	47
514	1986	79
5351	1986	56
5466	1987	42
868	1987	71
2843	1987	29
5506	1987	50
5020	1987	64
5149	1987	38
1281	1987	54
3927	1987	73
2790	1987	11
2791	1987	58
1173	1987	22
892	1987	61
2250	1987	36
4399	1987	67
2240	1987	45
3197	1987	96
1043	1987	90
2808	1987	40
2235	1987	53
3607	1987	26
882	1987	46
532	1987	95
1235	1987	93
750	1987	86
3167	1987	65
3619	1987	30
5626	1987	34
3911	1987	94
4872	1987	8
510	1987	59
3886	1987	72
990	1987	37
2945	1987	51
1929	1987	84
37	1987	98
4131	1987	3
4765	1987	21
1636	1987	99
2965	1987	10
3271	1987	19
2017	1987	49
3017	1987	31
5524	1987	15
4799	1987	28
797	1987	6
1973	1987	7
3006	1987	16
3879	1987	89
1914	1987	33
862	1987	56
1905	1987	17
1257	1987	92
2866	1987	77
354	1987	14
4353	1987	55
12	1987	32
3121	1987	52
4349	1987	39
4135	1987	9
845	1987	63
1250	1987	57
3750	1987	80
2900	1987	48
1252	1987	13
5235	1987	1
4728	1987	76
4342	1987	83
3083	1987	100
5621	1987	43
5461	1987	88
4324	1987	69
4219	1987	60
746	1987	66
3218	1987	82
2335	1987	4
2317	1987	23
5259	1987	74
1449	1987	12
1166	1987	79
629	1987	81
2744	1987	35
633	1987	75
5037	1987	68
2651	1987	41
2474	1987	97
5400	1987	70
3499	1987	85
3500	1987	5
3501	1987	25
345	1987	2
2323	1987	18
442	1987	20
961	1987	62
2543	1987	47
2585	1987	78
5066	1987	44
14	1987	27
5206	1987	91
2729	1987	87
2354	1987	24
2127	1988	25
5215	1988	99
3402	1988	2
3718	1988	75
3269	1988	45
3026	1988	30
2347	1988	74
1937	1988	7
3706	1988	81
3418	1988	4
1569	1988	32
5515	1988	12
1290	1988	83
4773	1988	49
51	1988	62
1156	1988	56
2391	1988	20
417	1988	13
4291	1988	6
1160	1988	46
2037	1988	24
2708	1988	97
5331	1988	50
4733	1988	14
3956	1988	10
2357	1988	59
1468	1988	72
3696	1988	64
5397	1988	82
3429	1988	95
1802	1988	3
3164	1988	21
383	1988	34
2586	1988	17
875	1988	66
3798	1988	100
4169	1988	40
5302	1988	84
1419	1988	31
1404	1988	77
4551	1988	5
3203	1988	63
1716	1988	60
3448	1988	87
519	1988	41
207	1988	35
4144	1988	26
4229	1988	23
4880	1988	36
3147	1988	51
909	1988	92
361	1988	80
4134	1988	22
838	1988	90
3495	1988	98
3435	1988	65
2504	1988	67
3149	1988	38
4194	1988	47
849	1988	71
1848	1988	9
4862	1988	78
3772	1988	19
1240	1988	70
1679	1988	15
1239	1988	79
3855	1988	39
4218	1988	58
204	1988	29
3634	1988	54
5497	1988	18
2314	1988	93
2208	1988	94
5371	1988	52
4074	1988	16
5423	1988	33
3580	1988	11
1184	1988	61
5028	1988	44
4052	1988	73
2777	1988	91
3399	1988	28
2194	1988	48
1490	1988	1
5201	1988	96
2212	1988	57
1320	1988	88
1511	1988	76
1514	1988	27
1323	1988	55
1008	1988	8
3564	1988	69
4647	1988	53
1317	1988	37
2191	1988	43
3574	1988	89
2230	1988	85
3943	1988	68
2785	1988	42
2199	1988	86
5334	1989	84
5396	1989	37
1632	1989	65
3019	1989	13
3378	1989	2
4026	1989	54
2746	1989	100
1287	1989	38
709	1989	39
1709	1989	8
1707	1989	16
4283	1989	93
3929	1989	95
2401	1989	23
4374	1989	58
3964	1989	80
4934	1989	96
4778	1989	17
1018	1989	73
2197	1989	62
4781	1989	41
5390	1989	34
2996	1989	1
1782	1989	40
5135	1989	20
948	1989	6
1936	1989	94
432	1989	53
5242	1989	72
1428	1989	32
3751	1989	91
546	1989	44
907	1989	59
2305	1989	85
2494	1989	35
3111	1989	68
5072	1989	29
3240	1989	67
1855	1989	49
3241	1989	5
1356	1989	89
4962	1989	92
4209	1989	75
3089	1989	81
661	1989	21
320	1989	78
1935	1989	15
4394	1989	76
4879	1989	64
4771	1989	31
2832	1989	82
3845	1989	46
2515	1989	24
3063	1989	47
4820	1989	83
3349	1989	50
1444	1989	3
3926	1989	45
2625	1989	90
1440	1989	48
935	1989	77
488	1989	9
390	1989	70
5219	1989	12
5415	1989	60
1590	1989	30
2260	1989	56
5314	1989	74
4310	1989	57
4152	1989	18
5620	1989	52
5507	1989	7
1481	1989	55
3904	1989	11
258	1989	79
788	1989	42
2544	1989	66
5492	1989	33
3662	1989	86
1738	1989	10
3545	1989	19
4724	1989	99
2937	1989	22
2091	1989	27
4076	1989	63
2338	1989	87
66	1989	61
4289	1989	51
2396	1989	26
4158	1989	88
4454	1989	4
1313	1989	14
3555	1989	43
5348	1989	97
3681	1989	71
770	1989	36
4535	1989	98
461	1989	28
2926	1989	25
4082	1989	69
3069	1990	67
2306	1990	72
3071	1990	76
5209	1990	6
1605	1990	64
1205	1990	11
3063	1990	78
2092	1990	52
4340	1990	58
1448	1990	81
2762	1990	70
290	1990	21
3202	1990	99
4577	1990	97
3620	1990	14
1220	1990	53
1264	1990	20
4093	1990	31
2601	1990	2
1887	1990	47
4146	1990	24
1345	1990	37
5141	1990	30
4922	1990	98
4960	1990	90
1718	1990	69
1310	1990	29
4431	1990	33
5287	1990	35
5180	1990	32
3752	1990	4
663	1990	10
2717	1990	94
959	1990	49
2510	1990	25
3	1990	27
5285	1990	87
1737	1990	65
2216	1990	82
661	1990	46
5441	1990	83
5342	1990	71
3919	1990	40
2485	1990	45
3778	1990	51
3078	1990	28
3497	1990	3
839	1990	60
4817	1990	26
2333	1990	22
1422	1990	66
1423	1990	75
1975	1990	74
2089	1990	12
648	1990	59
2698	1990	57
1981	1990	43
2664	1990	93
5518	1990	48
4985	1990	100
5468	1990	95
4759	1990	62
3524	1990	84
304	1990	16
799	1990	85
3463	1990	50
2035	1990	1
2404	1990	63
2403	1990	39
2033	1990	8
5211	1990	5
333	1990	79
3960	1990	80
2183	1990	36
1024	1990	9
3803	1990	13
350	1990	44
2655	1990	61
1110	1990	34
652	1990	18
5530	1990	96
3975	1990	23
403	1990	7
3785	1990	68
5393	1990	88
1425	1990	15
937	1990	17
1685	1990	73
1462	1990	41
3888	1990	38
5338	1990	91
506	1990	42
2706	1990	77
2377	1990	56
3150	1990	89
16	1990	86
3869	1990	19
1588	1990	92
5145	1990	55
3843	1990	54
319	1991	92
97	1991	61
2267	1991	8
2534	1991	48
2592	1991	35
5065	1991	30
5425	1991	37
1770	1991	3
1054	1991	70
4008	1991	63
1038	1991	66
3225	1991	97
4002	1991	4
5483	1991	79
4655	1991	58
4182	1991	100
1032	1991	75
5029	1991	53
3581	1991	5
1787	1991	20
3847	1991	85
1411	1991	22
1828	1991	91
4926	1991	51
3775	1991	47
4943	1991	45
4507	1991	38
1223	1991	98
4876	1991	71
5011	1991	62
1667	1991	80
5050	1991	74
2046	1991	46
3959	1991	24
2041	1991	25
3296	1991	11
2189	1991	26
2400	1991	65
2696	1991	87
2678	1991	23
2009	1991	14
2405	1991	76
5683	1991	27
4464	1991	88
4792	1991	99
1976	1991	36
1198	1991	32
1609	1991	95
1620	1991	15
1188	1991	90
982	1991	34
3646	1991	40
1489	1991	44
2141	1991	18
5509	1991	39
2344	1991	2
3905	1991	17
2731	1991	21
3889	1991	50
4344	1991	55
261	1991	56
4731	1991	9
2326	1991	52
4094	1991	29
2170	1991	60
3894	1991	89
4325	1991	13
4343	1991	78
1972	1991	72
573	1991	12
3712	1991	84
4224	1991	82
4222	1991	73
2309	1991	96
4821	1991	41
3071	1991	69
2473	1991	31
456	1991	10
3012	1991	33
3079	1991	19
2486	1991	54
3093	1991	43
1438	1991	28
433	1991	64
4205	1991	68
841	1991	59
335	1991	16
5	1991	1
3726	1991	57
5163	1991	6
3281	1991	7
1452	1991	86
3722	1991	77
3041	1991	49
4810	1991	93
3503	1991	67
3514	1991	94
2456	1991	42
2436	1991	83
3972	1991	81
3872	1992	19
508	1992	78
3473	1992	68
3557	1992	60
5412	1992	54
3846	1992	85
1200	1992	70
3247	1992	77
491	1992	5
5388	1992	82
5167	1992	8
3374	1992	7
4032	1992	4
3887	1992	75
3502	1992	17
1084	1992	34
3690	1992	67
4103	1992	44
464	1992	2
3300	1992	38
1168	1992	25
3735	1992	47
3389	1992	57
4416	1992	45
4261	1992	87
4699	1992	41
4635	1992	6
740	1992	48
571	1992	64
2749	1992	61
1276	1992	26
2162	1992	100
2157	1992	55
2907	1992	18
5295	1992	97
2454	1992	13
2737	1992	94
688	1992	39
1788	1992	52
2735	1992	92
288	1992	9
246	1992	15
2368	1992	96
4346	1992	22
4870	1992	63
1463	1992	72
833	1992	23
4679	1992	91
974	1992	31
2399	1992	16
5501	1992	69
268	1992	36
5325	1992	88
5562	1992	90
2958	1992	30
4931	1992	89
5021	1992	12
4805	1992	43
2385	1992	51
1538	1992	20
4606	1992	81
4658	1992	40
1464	1992	79
4270	1992	32
2714	1992	95
2730	1992	86
2124	1992	33
2283	1992	11
3144	1992	42
1882	1992	80
2043	1992	62
4172	1992	50
2547	1992	66
1416	1992	1
2635	1992	37
1607	1992	93
5157	1992	84
3183	1992	27
657	1992	14
305	1992	53
4921	1992	99
2342	1992	83
671	1992	73
5042	1992	58
1735	1992	29
2512	1992	28
247	1992	76
1615	1992	71
2685	1992	24
2682	1992	3
2104	1992	59
4964	1992	21
4971	1992	74
5260	1992	65
2695	1992	10
4653	1992	35
1893	1992	56
5516	1992	49
75	1992	46
2888	1992	98
5470	1993	44
2386	1993	36
385	1993	72
901	1993	86
351	1993	85
2385	1993	43
728	1993	91
829	1993	3
5469	1993	2
1131	1993	16
979	1993	48
2365	1993	1
2821	1993	15
1880	1993	32
4830	1993	68
2568	1993	10
2556	1993	12
1147	1993	66
3852	1993	81
4547	1993	77
5309	1993	6
3996	1993	22
2498	1993	35
2497	1993	96
3984	1993	9
2704	1993	55
2496	1993	7
3851	1993	90
3494	1993	92
2488	1993	19
238	1993	18
4036	1993	33
4831	1993	26
3846	1993	58
699	1993	75
1357	1993	8
471	1993	40
3511	1993	11
2443	1993	20
1349	1993	53
2426	1993	27
2425	1993	39
969	1993	41
2782	1993	14
2411	1993	23
5325	1993	62
2606	1993	78
151	1993	52
2209	1993	56
2966	1993	94
4972	1993	93
3622	1993	34
5504	1993	47
1195	1993	24
2190	1993	42
1592	1993	73
3887	1993	25
1772	1993	49
3283	1993	79
3824	1993	67
5022	1993	83
3004	1993	38
1491	1993	89
1992	1993	95
515	1993	69
5375	1993	50
4246	1993	37
4201	1993	17
3903	1993	29
3034	1993	21
2104	1993	80
5138	1993	28
5139	1993	100
1056	1993	60
5337	1993	82
1532	1993	87
1978	1993	59
4684	1993	4
874	1993	61
824	1993	99
407	1993	46
263	1993	74
3591	1993	98
1213	1993	71
3313	1993	31
2016	1993	45
2569	1993	65
1722	1993	84
1999	1993	64
1603	1993	5
4678	1993	70
583	1993	57
5399	1993	76
401	1993	97
316	1993	51
2223	1993	63
3613	1993	88
3568	1993	54
2233	1993	30
1308	1993	13
2565	1994	90
418	1994	47
4791	1994	19
5487	1994	15
416	1994	78
3881	1994	33
405	1994	63
2516	1994	23
4010	1994	32
1597	1994	51
1418	1994	56
412	1994	30
1985	1994	5
356	1994	73
2332	1994	100
1966	1994	85
2319	1994	2
4818	1994	4
1507	1994	20
5369	1994	62
1029	1994	68
5531	1994	16
3934	1994	71
748	1994	7
2386	1994	38
2407	1994	3
2413	1994	13
2415	1994	95
5056	1994	65
5638	1994	17
775	1994	11
2440	1994	45
1458	1994	86
1142	1994	89
5706	1994	64
818	1994	18
1554	1994	81
3738	1994	27
817	1994	36
3504	1994	25
1649	1994	39
2470	1994	92
2154	1994	66
360	1994	96
355	1994	91
1630	1994	37
3866	1994	22
2289	1994	57
702	1994	99
1800	1994	88
486	1994	21
3064	1994	94
316	1994	9
5382	1994	14
3776	1994	83
1830	1994	74
976	1994	43
2	1994	70
1055	1994	60
3253	1994	35
5384	1994	26
854	1994	41
4413	1994	80
4418	1994	6
1359	1994	75
2743	1994	61
4186	1994	29
5469	1994	42
2704	1994	69
5173	1994	58
492	1994	24
1298	1994	87
367	1994	72
580	1994	40
263	1994	12
576	1994	48
2931	1994	49
502	1994	93
3011	1994	50
3312	1994	76
568	1994	79
1306	1994	10
5337	1994	97
4938	1994	59
382	1994	98
1694	1994	55
1705	1994	52
56	1994	46
4078	1994	84
328	1994	8
4296	1994	28
5154	1994	82
3421	1994	67
4462	1994	54
3424	1994	53
4178	1994	31
4843	1994	1
4466	1994	44
303	1994	34
3179	1994	77
4945	1995	10
1610	1995	57
4078	1995	71
436	1995	39
3854	1995	28
2153	1995	15
2551	1995	35
4650	1995	65
453	1995	37
2332	1995	49
72	1995	89
2852	1995	26
4467	1995	30
3462	1995	78
3730	1995	72
5590	1995	21
860	1995	60
3955	1995	55
4612	1995	8
1966	1995	24
2374	1995	58
439	1995	83
607	1995	98
3575	1995	23
5268	1995	12
5119	1995	87
1297	1995	9
2218	1995	36
303	1995	67
956	1995	31
499	1995	62
589	1995	46
1519	1995	73
2251	1995	11
3601	1995	33
2930	1995	90
4662	1995	94
5611	1995	61
1771	1995	85
1039	1995	3
4496	1995	48
4490	1995	84
4333	1995	32
2268	1995	91
762	1995	77
1602	1995	13
766	1995	86
3232	1995	99
1508	1995	7
840	1995	100
597	1995	59
4849	1995	75
847	1995	66
988	1995	80
2291	1995	96
2145	1995	27
4213	1995	43
3993	1995	29
852	1995	25
1350	1995	92
3990	1995	14
1720	1995	97
1651	1995	1
700	1995	18
631	1995	47
1004	1995	93
1883	1995	16
4994	1995	88
4954	1995	68
4189	1995	76
3985	1995	38
2470	1995	44
5625	1995	20
1441	1995	45
355	1995	17
5061	1995	19
1436	1995	74
2742	1995	53
5655	1995	79
5056	1995	63
2402	1995	42
5656	1995	64
4829	1995	54
4064	1995	56
2772	1995	4
5270	1995	2
1900	1995	40
2407	1995	50
4936	1995	70
2520	1995	34
1139	1995	51
972	1995	69
1141	1995	41
2414	1995	95
2034	1995	52
56	1995	82
3540	1995	5
2031	1995	81
2032	1995	22
405	1995	6
2063	1996	60
3129	1996	1
4896	1996	66
915	1996	65
5424	1996	26
3242	1996	12
2020	1996	86
575	1996	3
893	1996	19
5454	1996	80
499	1996	95
5131	1996	10
5644	1996	83
5673	1996	9
1565	1996	15
5546	1996	56
4722	1996	54
2099	1996	17
5547	1996	57
5629	1996	29
357	1996	5
4242	1996	16
69	1996	44
565	1996	94
1234	1996	61
550	1996	23
1247	1996	100
3022	1996	21
2163	1996	27
1995	1996	20
3128	1996	98
4998	1996	50
414	1996	43
1728	1996	6
798	1996	11
2219	1996	96
3482	1996	4
49	1996	40
3489	1996	32
5478	1996	46
5539	1996	31
2719	1996	68
1892	1996	93
1013	1996	28
3392	1996	24
2752	1996	71
1012	1996	48
5161	1996	81
3297	1996	53
2776	1996	47
2740	1996	77
1677	1996	89
3479	1996	73
2505	1996	75
2581	1996	13
1652	1996	33
1406	1996	59
2570	1996	22
2610	1996	18
5068	1996	63
3993	1996	84
3451	1996	42
2528	1996	69
4556	1996	37
2659	1996	78
3468	1996	87
3746	1996	91
337	1996	55
3759	1996	72
2796	1996	70
4951	1996	82
5687	1996	36
5182	1996	92
739	1996	39
3584	1996	2
4888	1996	41
5460	1996	25
2279	1996	8
1508	1996	49
3593	1996	30
4659	1996	7
590	1996	38
1512	1996	62
4666	1996	90
3601	1996	99
3604	1996	34
4105	1996	85
5038	1996	64
5668	1996	51
4650	1996	58
1177	1996	45
3332	1996	88
436	1996	76
3537	1996	74
2814	1996	52
1335	1996	35
2358	1996	79
4354	1996	97
941	1996	67
1478	1996	14
4806	1997	78
1754	1997	89
1078	1997	34
5635	1997	14
893	1997	67
110	1997	30
1064	1997	37
3759	1997	62
74	1997	35
835	1997	5
1807	1997	70
1672	1997	48
1641	1997	31
1869	1997	19
5424	1997	52
3880	1997	8
5104	1997	69
2814	1997	71
626	1997	73
5323	1997	74
3372	1997	51
5187	1997	58
4054	1997	28
326	1997	49
3391	1997	81
5254	1997	10
642	1997	15
3425	1997	56
796	1997	66
2640	1997	40
2610	1997	50
4513	1997	39
2578	1997	45
3452	1997	23
5408	1997	95
2539	1997	27
5715	1997	65
2860	1997	100
2868	1997	96
4080	1997	77
1214	1997	29
5426	1997	38
5673	1997	98
539	1997	94
542	1997	18
3129	1997	82
3125	1997	12
3254	1997	20
1249	1997	87
291	1997	43
5161	1997	4
1268	1997	7
3001	1997	47
5131	1997	93
4271	1997	75
3297	1997	42
4328	1997	88
4339	1997	1
4090	1997	17
1309	1997	84
3328	1997	68
5407	1997	57
2505	1997	55
330	1997	36
3480	1997	16
2279	1997	64
2263	1997	97
3476	1997	80
3612	1997	41
2206	1997	53
2196	1997	59
5374	1997	76
1558	1997	79
2149	1997	24
2148	1997	33
2146	1997	6
2139	1997	25
773	1997	63
1570	1997	2
2097	1997	9
5641	1997	99
1579	1997	13
4737	1997	21
790	1997	91
2059	1997	32
4761	1997	72
3579	1997	90
2313	1997	85
3818	1997	11
3539	1997	83
2393	1997	54
5648	1997	86
949	1997	61
2397	1997	3
3491	1997	46
1445	1997	26
1459	1997	60
2451	1997	44
945	1997	92
2349	1997	22
3831	1998	90
5305	1998	56
4953	1998	25
3961	1998	48
4795	1998	83
330	1998	76
4730	1998	18
5001	1998	64
4202	1998	29
4576	1998	52
4919	1998	39
307	1998	7
5063	1998	77
292	1998	84
4108	1998	28
4307	1998	93
225	1998	95
5041	1998	1
4815	1998	92
4042	1998	45
5317	1998	100
5207	1998	68
5095	1998	4
4383	1998	81
5104	1998	35
5027	1998	6
4932	1998	98
251	1998	20
4806	1998	86
4443	1998	85
3839	1998	75
4691	1998	53
227	1998	30
4706	1998	2
4090	1998	57
5352	1998	31
5051	1998	69
110	1998	96
5111	1998	73
1044	1998	66
2351	1998	37
3486	1998	99
2225	1998	67
3268	1998	78
5682	1998	3
1447	1998	22
1126	1998	55
1570	1998	87
1934	1998	91
585	1998	19
2609	1998	49
3478	1998	12
2392	1998	74
3589	1998	51
5635	1998	15
1226	1998	89
429	1998	65
850	1998	8
2896	1998	27
645	1998	79
1617	1998	72
1767	1998	33
2318	1998	63
3082	1998	88
3145	1998	41
3818	1998	62
1148	1998	36
3325	1998	17
2175	1998	58
1513	1998	97
3331	1998	34
2119	1998	11
1521	1998	44
3351	1998	13
2097	1998	5
685	1998	24
2096	1998	71
2211	1998	43
3373	1998	54
3002	1998	59
2181	1998	26
3385	1998	16
790	1998	94
5417	1998	38
2200	1998	23
577	1998	82
3415	1998	42
2202	1998	10
3438	1998	9
3005	1998	60
977	1998	47
1108	1998	80
3143	1998	40
2774	1998	46
1049	1998	21
2820	1998	61
2366	1998	50
1696	1998	70
1693	1998	14
1624	1998	32
5086	1999	60
4327	1999	30
2628	1999	44
2820	1999	31
3213	1999	53
4651	1999	48
618	1999	96
3486	1999	9
308	1999	74
1329	1999	41
4281	1999	19
392	1999	3
5453	1999	55
342	1999	76
1884	1999	14
2767	1999	6
894	1999	71
4057	1999	34
3371	1999	73
1867	1999	89
2298	1999	79
1557	1999	29
4914	1999	66
4600	1999	91
5405	1999	99
4027	1999	95
816	1999	39
4428	1999	78
5414	1999	83
4030	1999	22
1695	1999	87
4665	1999	32
299	1999	25
4382	1999	65
387	1999	18
4502	1999	38
577	1999	69
3122	1999	46
5586	1999	59
1923	1999	35
2201	1999	67
4423	1999	92
1921	1999	4
4751	1999	37
2455	1999	16
5339	1999	28
4290	1999	80
366	1999	85
3323	1999	97
1443	1999	8
169	1999	50
4560	1999	43
5179	1999	20
2369	1999	70
1724	1999	63
2686	1999	40
5432	1999	11
496	1999	75
493	1999	49
2511	1999	61
3166	1999	77
3471	1999	2
4173	1999	51
3163	1999	42
1655	1999	7
8	1999	45
1475	1999	62
7	1999	100
1619	1999	57
2176	1999	68
2813	1999	23
637	1999	21
2315	1999	36
314	1999	17
210	1999	93
5495	1999	33
4251	1999	13
2105	1999	84
5567	1999	98
2348	1999	15
2517	1999	12
2654	1999	90
3632	1999	88
1488	1999	81
1858	1999	72
2964	1999	10
498	1999	82
43	1999	5
4345	1999	86
528	1999	26
596	1999	1
1846	1999	54
419	1999	47
1595	1999	24
3744	1999	56
3046	1999	58
4165	1999	52
2580	1999	94
5364	1999	27
646	1999	64
2560	2000	25
1021	2000	95
1154	2000	50
5360	2000	85
756	2000	84
2562	2000	97
5645	2000	22
2011	2000	11
1017	2000	29
1669	2000	24
3423	2000	43
4967	2000	14
494	2000	33
5321	2000	90
3330	2000	83
2787	2000	15
317	2000	40
2102	2000	82
2343	2000	56
4099	2000	63
498	2000	20
5356	2000	19
795	2000	21
4698	2000	80
2071	2000	32
244	2000	35
4545	2000	75
630	2000	60
5517	2000	36
2339	2000	4
4046	2000	6
2188	2000	96
366	2000	8
620	2000	88
673	2000	49
3371	2000	47
3459	2000	39
4129	2000	68
4617	2000	58
1593	2000	73
5429	2000	81
5540	2000	54
2887	2000	46
1231	2000	18
527	2000	69
5150	2000	65
1711	2000	93
3623	2000	59
2298	2000	23
3617	2000	55
2328	2000	26
3598	2000	67
3199	2000	70
719	2000	94
1487	2000	66
1897	2000	10
1092	2000	89
1810	2000	98
4907	2000	16
5579	2000	79
4902	2000	48
1726	2000	57
4203	2000	31
1622	2000	77
2372	2000	64
1303	2000	86
3674	2000	71
5099	2000	12
603	2000	9
2688	2000	13
3176	2000	3
4878	2000	41
5220	2000	99
869	2000	72
2292	2000	44
1894	2000	62
3321	2000	17
5485	2000	53
2595	2000	34
4675	2000	28
2248	2000	7
2329	2000	42
747	2000	1
4681	2000	74
752	2000	30
4798	2000	76
88	2000	92
1028	2000	78
1467	2000	5
4824	2000	51
223	2000	61
4282	2000	2
3290	2000	52
2616	2000	27
2238	2000	87
4119	2000	100
4660	2000	45
554	2000	37
2262	2000	91
963	2000	38
5151	2001	15
1502	2001	31
3106	2001	80
2435	2001	43
3317	2001	25
1496	2001	2
2419	2001	73
548	2001	96
2331	2001	84
5650	2001	91
2464	2001	89
5347	2001	22
2373	2001	87
2441	2001	5
2179	2001	60
5116	2001	70
3243	2001	49
701	2001	42
5437	2001	16
2238	2001	32
3290	2001	97
4663	2001	8
2242	2001	56
334	2001	41
3327	2001	74
1364	2001	21
2652	2001	47
4844	2001	65
2647	2001	52
3611	2001	98
3600	2001	59
2642	2001	88
1031	2001	36
1896	2001	28
2633	2001	68
5398	2001	46
4332	2001	38
3576	2001	86
4479	2001	13
3573	2001	57
3320	2001	83
1106	2001	58
1909	2001	64
445	2001	76
1092	2001	93
2612	2001	14
1856	2001	1
4457	2001	62
2787	2001	44
3807	2001	30
3793	2001	48
2803	2001	24
1680	2001	92
4944	2001	51
1686	2001	35
388	2001	17
3724	2001	72
4908	2001	66
4371	2001	77
1035	2001	54
3684	2001	20
4369	2001	33
1302	2001	34
2867	2001	7
4878	2001	27
3897	2001	18
869	2001	40
1833	2001	78
1260	2001	85
989	2001	81
264	2001	9
1386	2001	95
278	2001	71
5455	2001	82
3460	2001	69
2562	2001	10
2019	2001	11
1984	2001	99
4536	2001	23
1371	2001	4
1537	2001	37
329	2001	3
792	2001	29
1533	2001	45
2526	2001	6
3420	2001	61
1176	2001	50
4527	2001	53
3028	2001	26
2607	2001	12
562	2001	75
1959	2001	100
3024	2001	67
2583	2001	63
1564	2001	19
5517	2001	39
2961	2001	79
1982	2001	90
4293	2001	94
3484	2001	55
5324	2002	65
1426	2002	57
3010	2002	63
1334	2002	44
682	2002	10
984	2002	11
2493	2002	69
250	2002	40
4244	2002	96
2718	2002	34
240	2002	51
4401	2002	87
231	2002	6
4441	2002	50
5146	2002	16
1272	2002	36
221	2002	39
222	2002	91
4304	2002	35
4522	2002	46
2962	2002	76
2918	2002	99
2916	2002	49
5148	2002	9
2427	2002	29
2968	2002	93
1366	2002	86
272	2002	13
2549	2002	7
2993	2002	97
2709	2002	43
5300	2002	83
5172	2002	66
5116	2002	92
3493	2002	37
1859	2002	41
1847	2002	95
791	2002	64
4743	2002	82
5420	2002	28
3379	2002	20
1843	2002	48
857	2002	72
5555	2002	54
325	2002	23
1809	2002	61
415	2002	88
3363	2002	94
4884	2002	70
1176	2002	68
3676	2002	62
1780	2002	84
3616	2002	38
3937	2002	85
5525	2002	21
1996	2002	53
1944	2002	59
823	2002	56
931	2002	47
5367	2002	8
1932	2002	31
1128	2002	80
3523	2002	30
3958	2002	77
2116	2002	1
827	2002	45
3567	2002	27
452	2002	81
1983	2002	25
3474	2002	42
1984	2002	22
1986	2002	32
4784	2002	14
3461	2002	79
1974	2002	78
1178	2002	4
2079	2002	3
1568	2002	2
5264	2002	26
1766	2002	75
2296	2002	15
3829	2002	67
2297	2002	18
3284	2002	58
5170	2002	71
1691	2002	24
1629	2002	89
5156	2002	90
5434	2002	98
1502	2002	17
2179	2002	100
5439	2002	5
1715	2002	33
3124	2002	73
1650	2002	19
3299	2002	55
363	2002	12
1704	2002	74
2277	2002	60
153	2002	52
3825	2003	83
834	2003	24
4397	2003	51
2613	2003	65
4966	2003	61
832	2003	67
1053	2003	30
1314	2003	71
1265	2003	97
587	2003	75
4827	2003	52
4485	2003	77
3809	2003	82
1660	2003	3
2928	2003	96
5555	2003	36
3940	2003	29
1908	2003	49
3708	2003	9
1283	2003	38
4982	2003	80
1623	2003	34
1085	2003	46
5476	2003	53
1799	2003	43
1363	2003	19
68	2003	84
4432	2003	94
5394	2003	5
3853	2003	86
3909	2003	7
5705	2003	48
1674	2003	11
2662	2003	55
3844	2003	99
384	2003	69
1591	2003	57
82	2003	14
45	2003	37
428	2003	56
843	2003	85
2809	2003	35
3932	2003	32
1885	2003	90
1037	2003	4
4952	2003	47
3647	2003	21
2917	2003	66
2350	2003	95
3139	2003	20
3234	2003	44
2150	2003	58
3238	2003	8
5185	2003	6
2545	2003	1
4050	2003	100
2542	2003	50
2255	2003	17
4130	2003	13
2529	2003	2
2527	2003	60
2047	2003	76
3010	2003	28
3370	2003	64
4739	2003	27
1943	2003	74
5171	2003	59
3342	2003	68
282	2003	40
2114	2003	31
4235	2003	89
776	2003	22
561	2003	42
560	2003	16
753	2003	10
4764	2003	72
1536	2003	79
458	2003	12
298	2003	15
5251	2003	63
814	2003	45
1477	2003	54
5431	2003	26
2577	2003	73
2574	2003	23
4521	2003	98
1563	2003	88
3422	2003	41
5345	2003	87
3092	2003	78
4154	2003	70
964	2003	92
2471	2003	18
1979	2003	62
4214	2003	93
3472	2003	91
933	2003	81
4294	2003	39
3454	2003	33
3208	2003	25
4432	2004	78
1675	2004	70
745	2004	79
2266	2004	52
4956	2004	4
5253	2004	86
2192	2004	7
1699	2004	80
1625	2004	63
2214	2004	100
5114	2004	27
1469	2004	83
735	2004	74
2452	2004	60
1933	2004	37
891	2004	91
5481	2004	62
5574	2004	1
4515	2004	20
1377	2004	85
1907	2004	67
2622	2004	38
4825	2004	6
4486	2004	46
1979	2004	15
5014	2004	11
1369	2004	71
1998	2004	95
2003	2004	8
4977	2004	61
5520	2004	50
2048	2004	87
55	2004	77
2666	2004	43
5071	2004	48
5613	2004	29
4881	2004	5
2082	2004	32
779	2004	2
4729	2004	28
1795	2004	9
1611	2004	14
2710	2004	98
2491	2004	3
1861	2004	94
5477	2004	75
1644	2004	65
3968	2004	56
3871	2004	82
3713	2004	39
5418	2004	89
4160	2004	35
3196	2004	51
3585	2004	66
1182	2004	21
3398	2004	18
1301	2004	92
459	2004	69
1086	2004	68
5669	2004	93
2886	2004	88
2974	2004	44
4015	2004	49
2901	2004	99
985	2004	12
2955	2004	81
3508	2004	33
3644	2004	31
3641	2004	96
426	2004	76
3226	2004	41
5246	2004	57
296	2004	47
4326	2004	17
3542	2004	55
3554	2004	73
3560	2004	25
4262	2004	13
2846	2004	40
4359	2004	53
5444	2004	36
3842	2004	64
1170	2004	34
3347	2004	54
5152	2004	72
3301	2004	22
3357	2004	19
4387	2004	42
3333	2004	24
3009	2004	58
3329	2004	59
3862	2004	97
4398	2004	45
3194	2004	26
1180	2004	23
4373	2004	84
2839	2004	10
374	2004	90
3377	2004	30
4260	2004	16
3509	2005	93
3333	2005	54
3510	2005	99
3512	2005	91
578	2005	72
3522	2005	21
497	2005	92
4313	2005	49
48	2005	5
3256	2005	59
1117	2005	83
5144	2005	97
4308	2005	26
3519	2005	33
1515	2005	37
3986	2005	42
3008	2005	14
4125	2005	15
469	2005	62
4059	2005	36
2198	2005	58
5282	2005	1
2051	2005	2
2049	2005	39
2984	2005	22
4231	2005	4
4582	2005	90
2978	2005	44
2559	2005	64
2448	2005	95
4257	2005	47
4579	2005	28
3009	2005	86
3356	2005	32
566	2005	75
1190	2005	11
2571	2005	71
751	2005	65
5280	2005	88
2112	2005	19
1245	2005	9
717	2005	7
435	2005	84
878	2005	66
2936	2005	35
3704	2005	43
5226	2005	46
5097	2005	73
1762	2005	6
4160	2005	61
1756	2005	70
735	2005	27
4366	2005	52
3717	2005	53
5704	2005	74
3723	2005	51
4918	2005	80
2869	2005	38
1729	2005	100
4380	2005	57
2721	2005	17
1713	2005	85
2725	2005	89
896	2005	96
2733	2005	56
3757	2005	18
1681	2005	82
3108	2005	25
993	2005	76
1670	2005	50
623	2005	20
1658	2005	77
2793	2005	60
614	2005	68
2870	2005	29
880	2005	34
2874	2005	3
3249	2005	98
4494	2005	40
1874	2005	24
2621	2005	69
1277	2005	81
954	2005	45
4489	2005	55
3621	2005	87
2921	2005	30
1370	2005	23
3642	2005	48
853	2005	8
5541	2005	94
3636	2005	78
3307	2005	16
1827	2005	41
5662	2005	12
1285	2005	13
5147	2005	79
47	2005	67
5216	2005	63
3892	2005	31
594	2005	10
2256	2006	70
1201	2006	99
5175	2006	28
5153	2006	52
4116	2006	9
3298	2006	21
5350	2006	47
1509	2006	53
4128	2006	62
2322	2006	85
3265	2006	35
3186	2006	14
517	2006	1
4114	2006	51
4654	2006	2
1204	2006	56
5048	2006	72
1186	2006	48
2125	2006	91
1094	2006	33
3639	2006	13
1826	2006	12
5395	2006	90
3899	2006	8
5223	2006	87
3704	2006	38
1763	2006	34
1875	2006	82
887	2006	65
5229	2006	45
1703	2006	69
899	2006	29
1683	2006	80
902	2006	10
3791	2006	3
3801	2006	63
3802	2006	89
4906	2006	58
3318	2006	36
1030	2006	7
1580	2006	100
2118	2006	27
1515	2006	97
5178	2006	60
3356	2006	42
3365	2006	61
4039	2006	86
5280	2006	81
5186	2006	6
3590	2006	67
4034	2006	49
2018	2006	5
5410	2006	94
4004	2006	19
3987	2006	16
812	2006	77
5365	2006	54
3963	2006	74
1112	2006	23
793	2006	15
5438	2006	43
2806	2006	46
4196	2006	59
2418	2006	41
2615	2006	18
2977	2006	22
1471	2006	31
2933	2006	30
4420	2006	92
274	2006	32
1384	2006	75
4494	2006	68
2383	2006	20
5333	2006	26
4367	2006	88
5671	2006	4
4266	2006	66
5459	2006	71
4438	2006	40
3023	2006	93
4478	2006	96
34	2006	37
553	2006	11
2844	2006	25
5480	2006	95
5584	2006	44
711	2006	64
5062	2006	73
1255	2006	50
4301	2006	55
4299	2006	17
2667	2006	78
5662	2006	83
578	2006	39
2906	2006	76
649	2006	57
4285	2006	24
4206	2006	79
586	2006	84
2448	2006	98
1530	2007	19
2627	2007	17
449	2007	87
4868	2007	18
3015	2007	48
563	2007	31
768	2007	67
2490	2007	50
2118	2007	24
564	2007	62
5218	2007	41
4468	2007	27
5330	2007	22
4871	2007	53
421	2007	66
2923	2007	68
3637	2007	88
1026	2007	20
2582	2007	1
3995	2007	35
2594	2007	55
3467	2007	76
579	2007	57
1549	2007	86
582	2007	72
4504	2007	39
4288	2007	91
2002	2007	7
5456	2007	69
4016	2007	100
3551	2007	82
5335	2007	38
588	2007	6
794	2007	5
3408	2007	70
2933	2007	46
2055	2007	25
4267	2007	15
3930	2007	95
5143	2007	29
4045	2007	9
5508	2007	83
4745	2007	77
4848	2007	3
195	2007	56
3366	2007	26
1280	2007	11
3950	2007	36
2484	2007	45
1509	2007	94
5587	2007	40
899	2007	61
4937	2007	32
4145	2007	60
3663	2007	98
1070	2007	84
2736	2007	64
5160	2007	2
632	2007	75
622	2007	97
1065	2007	23
4212	2007	90
4950	2007	16
3792	2007	71
1671	2007	51
1714	2007	12
2765	2007	93
3148	2007	44
1486	2007	52
4634	2007	89
3102	2007	96
3146	2007	43
2327	2007	58
4965	2007	37
627	2007	4
78	2007	78
4191	2007	54
729	2007	85
5292	2007	28
2341	2007	8
545	2007	33
3152	2007	13
5233	2007	30
3766	2007	34
2815	2007	42
3671	2007	14
2462	2007	49
5223	2007	47
2859	2007	65
4117	2007	63
1723	2007	21
1749	2007	80
4980	2007	73
3867	2007	74
4674	2007	99
1741	2007	10
5313	2007	59
3266	2007	92
5230	2007	79
1963	2007	81
4857	2008	69
830	2008	86
4451	2008	33
1776	2008	79
664	2008	2
5381	2008	15
1083	2008	42
4356	2008	44
3747	2008	18
1048	2008	76
1941	2008	99
248	2008	97
1026	2008	54
4484	2008	64
4302	2008	24
1801	2008	40
819	2008	46
1296	2008	17
3663	2008	25
3658	2008	35
370	2008	39
1071	2008	71
4869	2008	96
3848	2008	67
2626	2008	52
422	2008	5
1876	2008	62
621	2008	53
1585	2008	10
5387	2008	49
109	2008	23
3583	2008	61
5210	2008	13
2849	2008	28
2702	2008	82
1673	2008	66
219	2008	43
3629	2008	41
3710	2008	83
2922	2008	47
5537	2008	80
2862	2008	65
2766	2008	19
3808	2008	68
1109	2008	29
627	2008	78
3047	2008	72
3070	2008	81
2286	2008	75
2546	2008	59
3068	2008	7
943	2008	26
3048	2008	74
2538	2008	87
2081	2008	36
5349	2008	51
782	2008	73
3235	2008	57
3361	2008	88
3060	2008	94
5069	2008	22
1526	2008	95
2247	2008	14
4084	2008	31
4109	2008	50
4112	2008	11
2460	2008	27
4121	2008	55
2576	2008	98
1194	2008	16
938	2008	20
4573	2008	56
3315	2008	91
4705	2008	84
768	2008	21
2140	2008	77
4124	2008	32
315	2008	85
154	2008	92
4037	2008	60
787	2008	38
1494	2008	58
4523	2008	63
3467	2008	3
4608	2008	34
4634	2008	48
3450	2008	6
4630	2008	30
2956	2008	37
2304	2008	89
3088	2008	8
3113	2008	1
1553	2008	90
4613	2008	12
2975	2008	70
5519	2008	9
4153	2008	100
2561	2008	45
5672	2008	93
2976	2008	4
2700	2009	3
2227	2009	4
559	2009	54
3101	2009	35
732	2009	65
5380	2009	94
4900	2009	84
608	2009	22
5228	2009	36
3131	2009	42
3877	2009	83
1194	2009	77
3048	2009	44
2780	2009	15
2768	2009	19
2231	2009	50
1734	2009	10
1437	2009	67
5378	2009	34
3762	2009	98
2270	2009	73
914	2009	81
1305	2009	30
5122	2009	49
3783	2009	99
3754	2009	2
2307	2009	90
5381	2009	40
1497	2009	68
5115	2009	79
3235	2009	59
547	2009	57
4161	2009	64
5617	2009	13
2257	2009	17
1196	2009	82
628	2009	75
3737	2009	52
1331	2009	20
81	2009	78
3070	2009	5
4979	2009	71
5445	2009	76
95	2009	87
2863	2009	32
5198	2009	14
3689	2009	93
5537	2009	39
2084	2009	46
2081	2009	25
3988	2009	31
5184	2009	69
4487	2009	58
3475	2009	63
1775	2009	43
1136	2009	12
4305	2009	38
1119	2009	28
3362	2009	23
1586	2009	88
3517	2009	41
5598	2009	11
659	2009	16
3586	2009	89
1925	2009	9
2957	2009	18
5210	2009	55
3949	2009	80
1023	2009	47
1545	2009	33
3427	2009	100
4040	2009	97
3431	2009	61
4555	2009	66
2103	2009	86
641	2009	37
697	2009	1
3675	2009	29
1790	2009	96
2460	2009	7
4236	2009	8
1808	2009	51
2178	2009	91
1960	2009	85
1845	2009	24
1818	2009	92
922	2009	27
4716	2009	21
349	2009	95
1412	2009	62
2502	2009	48
2508	2009	70
3906	2009	56
2509	2009	74
4077	2009	26
4302	2009	45
3029	2009	72
3908	2009	6
3657	2009	53
1547	2009	60
5198	2010	87
942	2010	40
1547	2010	30
5025	2010	84
1219	2010	53
4987	2010	65
5174	2010	88
5101	2010	99
1413	2010	21
1332	2010	41
1397	2010	89
1539	2010	32
4993	2010	1
1072	2010	22
1587	2010	71
5136	2010	72
1382	2010	9
1001	2010	19
1159	2010	68
5162	2010	78
5598	2010	57
371	2010	94
2728	2010	18
521	2010	8
3227	2010	46
3231	2010	62
4632	2010	98
734	2010	10
4639	2010	17
4640	2010	16
738	2010	27
2287	2010	80
2261	2010	12
2227	2010	29
2716	2010	35
4083	2010	76
774	2010	42
5708	2010	66
3337	2010	56
3341	2010	73
4049	2010	85
2107	2010	36
3397	2010	77
4038	2010	31
3198	2010	58
4757	2010	91
715	2010	52
3134	2010	63
636	2010	23
4471	2010	81
2761	2010	95
658	2010	51
245	2010	55
2905	2010	96
2924	2010	37
584	2010	13
2954	2010	48
4272	2010	97
2540	2010	14
2533	2010	70
2532	2010	20
4555	2010	86
283	2010	6
2495	2010	92
285	2010	33
3096	2010	7
3104	2010	100
5698	2010	50
297	2010	79
4592	2010	59
3401	2010	2
4111	2010	26
3901	2010	90
3597	2010	47
3928	2010	75
1888	2010	39
3638	2010	60
3657	2010	64
95	2010	69
5711	2010	28
1865	2010	49
397	2010	61
4905	2010	83
3675	2010	67
866	2010	38
3877	2010	25
5376	2010	45
3900	2010	34
5378	2010	43
4811	2010	93
3496	2010	11
3981	2010	15
3488	2010	24
336	2010	54
1989	2010	82
808	2010	4
3515	2010	5
2005	2010	3
454	2010	44
349	2010	74
4434	2011	36
1073	2011	65
4436	2011	54
2716	2011	52
5458	2011	78
2925	2011	72
2720	2011	42
3830	2011	17
2913	2011	34
3804	2011	13
3781	2011	70
610	2011	86
2811	2011	14
1311	2011	87
1322	2011	68
397	2011	97
3784	2011	93
2778	2011	80
981	2011	38
2728	2011	15
5716	2011	71
4329	2011	24
2999	2011	21
332	2011	59
3873	2011	82
3453	2011	45
5358	2011	62
4003	2011	12
3359	2011	100
3302	2011	9
3294	2011	53
5368	2011	20
4115	2011	57
3957	2011	1
3550	2011	11
1183	2011	43
3954	2011	56
3736	2011	91
3277	2011	61
505	2011	74
509	2011	84
3259	2011	50
3597	2011	40
4147	2011	89
427	2011	96
4159	2011	95
5433	2011	88
540	2011	79
1016	2011	81
1033	2011	76
3672	2011	2
3945	2011	58
1341	2011	22
904	2011	77
4529	2011	92
4995	2011	27
1583	2011	66
1906	2011	85
1382	2011	44
2548	2011	83
4723	2011	29
5298	2011	30
2495	2011	35
953	2011	99
2468	2011	47
705	2011	18
716	2011	64
5568	2011	63
4841	2011	28
5293	2011	69
4611	2011	90
5526	2011	73
2337	2011	46
4639	2011	75
1548	2011	3
2295	2011	51
5664	2011	98
4767	2011	26
2026	2011	60
5034	2011	32
5031	2011	16
2117	2011	23
136	2011	41
1987	2011	39
4856	2011	37
1387	2011	4
5573	2011	49
2699	2011	10
1627	2011	19
1626	2011	7
1725	2011	5
2656	2011	55
1755	2011	94
656	2011	31
4519	2011	8
1777	2011	25
668	2011	33
5634	2011	48
2060	2011	67
1825	2011	6
3682	2012	4
3860	2012	82
3758	2012	67
3770	2012	75
1732	2012	39
3455	2012	54
5018	2012	24
3666	2012	31
1740	2012	6
2024	2012	68
3661	2012	69
3440	2012	40
1868	2012	95
5554	2012	73
3820	2012	45
5277	2012	33
1167	2012	94
2056	2012	49
1087	2012	57
1912	2012	77
1773	2012	16
5278	2012	3
437	2012	34
4807	2012	41
5527	2012	50
125	2012	81
3957	2012	71
870	2012	92
122	2012	86
440	2012	51
1561	2012	98
1783	2012	38
932	2012	72
3577	2012	18
4793	2012	20
5556	2012	63
811	2012	2
3983	2012	64
3490	2012	60
3673	2012	29
1774	2012	66
1348	2012	78
1174	2012	85
4331	2012	43
4334	2012	96
2915	2012	5
2890	2012	65
2875	2012	74
5703	2012	32
253	2012	97
5665	2012	89
5484	2012	15
4389	2012	58
1375	2012	53
1307	2012	56
2572	2012	48
2608	2012	26
4407	2012	9
2637	2012	91
5113	2012	35
1367	2012	19
4469	2012	7
5258	2012	52
1648	2012	47
232	2012	87
5256	2012	55
4435	2012	61
640	2012	79
965	2012	76
5117	2012	84
780	2012	100
669	2012	37
4318	2012	1
4065	2012	44
1520	2012	42
3303	2012	36
763	2012	59
4104	2012	12
2195	2012	93
5040	2012	30
4115	2012	13
4615	2012	88
720	2012	28
2380	2012	25
672	2012	70
5294	2012	8
3204	2012	27
501	2012	62
1454	2012	22
4586	2012	23
4316	2012	14
5299	2012	90
1430	2012	99
1236	2012	46
5344	2012	10
5428	2012	21
3086	2012	83
5443	2012	17
5489	2012	11
4295	2012	80
5392	2013	8
5566	2013	18
5258	2013	92
5286	2013	17
0	2013	81
5224	2013	19
3771	2013	70
771	2013	91
831	2013	5
864	2013	76
876	2013	68
3437	2013	88
3773	2013	48
3381	2013	40
3230	2013	6
3161	2013	89
957	2013	33
1014	2013	63
3066	2013	51
1027	2013	69
926	2013	24
3822	2013	3
725	2013	96
3920	2013	10
423	2013	37
511	2013	59
4316	2013	58
570	2013	42
605	2013	67
609	2013	74
4066	2013	23
680	2013	2
4017	2013	43
4011	2013	25
4009	2013	29
3997	2013	98
3974	2013	15
687	2013	83
721	2013	60
3051	2013	39
4408	2013	32
1046	2013	9
2973	2013	11
2056	2013	46
2054	2013	22
2038	2013	34
2024	2013	12
2014	2013	77
1522	2013	36
2172	2013	64
1911	2013	50
1844	2013	85
1768	2013	61
1710	2013	49
1688	2013	94
1676	2013	14
1648	2013	55
1872	2013	4
2249	2013	16
1342	2013	93
2272	2013	28
2949	2013	65
1127	2013	35
2875	2013	86
1151	2013	62
2853	2013	97
1167	2013	27
1174	2013	57
2703	2013	7
2637	2013	47
2596	2013	90
2422	2013	99
2371	2013	52
2346	2013	72
1326	2013	26
2293	2013	56
1067	2013	21
4415	2013	13
3577	2013	38
1628	2013	41
4813	2013	66
4495	2013	20
4509	2013	45
4975	2013	1
4528	2013	80
4736	2013	73
4565	2013	44
5081	2013	30
4867	2013	31
4575	2013	79
4688	2013	75
5089	2013	82
84	2013	71
253	2013	84
5098	2013	53
5214	2013	54
1	2013	95
4672	2013	78
4442	2013	100
5155	2013	87
5451	2014	92
4787	2014	16
4783	2014	48
836	2014	85
4633	2014	18
3058	2014	78
3062	2014	67
1014	2014	5
289	2014	8
3390	2014	53
978	2014	88
3173	2014	29
3492	2014	45
3191	2014	70
3458	2014	87
890	2014	25
927	2014	50
271	2014	47
3353	2014	58
3432	2014	77
3116	2014	30
997	2014	59
2857	2014	21
2910	2014	72
44	2014	97
1840	2014	32
1860	2014	1
5110	2014	15
76	2014	65
1505	2014	4
1988	2014	60
5096	2014	61
2039	2014	55
2070	2014	54
5566	2014	44
2180	2014	98
1376	2014	79
1374	2014	35
86	2014	90
1300	2014	42
5486	2014	40
4946	2014	49
1151	2014	23
3668	2014	95
2853	2014	19
252	2014	100
2848	2014	76
1115	2014	2
2819	2014	28
226	2014	51
1181	2014	66
4996	2014	11
5224	2014	22
1209	2014	84
1238	2014	52
2792	2014	82
781	2014	63
4424	2014	10
4200	2014	43
725	2014	74
4453	2014	24
4335	2014	99
3920	2014	46
714	2014	68
698	2014	34
331	2014	3
3974	2014	20
3980	2014	7
372	2014	73
4500	2014	33
681	2014	83
529	2014	38
727	2014	37
4048	2014	17
544	2014	81
654	2014	26
556	2014	91
4126	2014	13
639	2014	80
364	2014	14
4156	2014	93
4232	2014	56
598	2014	89
778	2014	39
4208	2014	69
4476	2014	96
606	2014	31
535	2014	27
3838	2014	41
4548	2014	75
399	2014	71
3725	2014	64
3822	2014	57
4422	2014	94
3756	2014	12
3790	2014	9
381	2014	36
398	2014	62
375	2014	86
4622	2014	6
5078	2015	4
5498	2015	57
534	2015	80
1555	2015	49
1343	2015	84
1346	2015	65
398	2015	46
147	2015	21
2022	2015	83
1789	2015	27
5159	2015	60
4263	2015	64
2439	2015	26
1238	2015	92
1598	2015	42
1706	2015	63
1697	2015	93
5194	2015	1
5265	2015	8
5009	2015	39
4447	2015	36
5328	2015	33
1997	2015	31
5257	2015	17
504	2015	99
5093	2015	66
513	2015	15
2061	2015	25
1962	2015	94
2085	2015	30
4317	2015	41
448	2015	86
2658	2015	38
1840	2015	77
2086	2015	85
2095	2015	100
5561	2015	23
1474	2015	73
1401	2015	52
1400	2015	96
1388	2015	9
5106	2015	82
1920	2015	91
2182	2015	47
2186	2015	55
1534	2015	20
1945	2015	35
4480	2015	29
3703	2015	34
156	2015	61
1000	2015	53
4424	2015	58
3178	2015	75
3917	2015	71
928	2015	72
3876	2015	54
5421	2015	19
3384	2015	44
3394	2015	50
903	2015	11
890	2015	90
295	2015	69
3442	2015	98
769	2015	89
889	2015	68
4601	2015	14
5628	2015	59
3477	2015	70
4609	2015	45
885	2015	43
3769	2015	24
289	2015	28
3569	2015	67
1640	2015	32
3596	2015	51
4625	2015	37
821	2015	12
4752	2015	62
4755	2015	10
944	2015	79
3054	2015	13
4211	2015	6
2753	2015	87
2831	2015	81
2840	2015	16
4155	2015	97
4126	2015	18
643	2015	48
5273	2015	95
1137	2015	74
4085	2015	3
2919	2015	76
2932	2015	22
662	2015	7
4933	2015	2
4747	2015	78
4488	2015	5
666	2015	88
3053	2015	56
2972	2015	40
821	2016	72
155	2016	12
306	2016	93
1284	2016	48
842	2016	9
991	2016	41
1576	2016	59
802	2016	18
1068	2016	91
1271	2016	8
255	2016	95
1237	2016	35
757	2016	34
410	2016	75
1175	2016	64
148	2016	54
1111	2016	36
939	2016	10
934	2016	66
77	2016	57
900	2016	11
1476	2016	53
338	2016	87
1340	2016	69
1474	2016	63
507	2016	89
951	2016	25
5557	2016	16
5482	2016	97
1761	2016	52
3764	2016	82
3715	2016	22
3694	2016	100
3653	2016	6
3624	2016	55
5553	2016	4
5401	2016	83
3559	2016	43
3543	2016	81
3456	2016	90
3449	2016	45
3416	2016	46
3410	2016	60
3403	2016	13
3355	2016	14
3217	2016	80
3193	2016	19
3187	2016	62
3123	2016	70
3114	2016	30
3087	2016	1
3849	2016	92
5446	2016	65
3895	2016	20
4019	2016	40
5181	2016	67
5085	2016	28
5043	2016	29
5265	2016	88
4992	2016	98
4949	2016	17
4755	2016	32
5290	2016	50
4481	2016	68
4463	2016	5
4447	2016	23
4410	2016	94
4404	2016	58
4357	2016	2
4355	2016	71
5328	2016	31
4241	2016	78
4215	2016	77
4091	2016	26
4086	2016	99
4041	2016	74
3969	2016	27
3014	2016	76
3561	2016	3
2841	2016	85
1962	2016	39
5498	2016	79
1945	2016	7
2554	2016	61
2085	2016	24
2573	2016	51
2254	2016	86
2232	2016	38
2689	2016	37
2705	2016	33
2325	2016	15
1930	2016	21
2858	2016	44
2008	2016	84
2138	2016	73
1849	2016	56
2123	2016	96
2920	2016	42
2872	2016	47
1839	2016	49
524	2017	6
5322	2017	84
4220	2017	87
4405	2017	20
4250	2017	71
4254	2017	86
444	2017	22
4360	2017	47
2122	2017	4
1461	2017	95
5569	2017	13
537	2017	48
5336	2017	72
4341	2017	5
4259	2017	32
522	2017	41
4269	2017	94
3000	2017	99
4542	2017	85
4417	2017	17
1798	2017	68
5176	2017	15
52	2017	31
5108	2017	55
5085	2017	92
5044	2017	77
89	2017	16
1879	2017	96
1525	2017	74
5269	2017	88
4983	2017	51
4911	2017	23
1930	2017	58
4727	2017	100
4677	2017	3
1516	2017	45
4581	2017	52
4543	2017	64
5696	2017	78
323	2017	75
599	2017	9
4465	2017	36
1493	2017	37
4411	2017	82
4216	2017	43
4060	2017	30
5343	2017	97
872	2017	40
3505	2017	59
888	2017	73
3470	2017	91
2589	2017	29
2590	2017	27
1206	2017	98
2681	2017	63
3212	2017	50
3205	2017	54
1157	2017	2
940	2017	7
947	2017	69
3181	2017	14
3156	2017	89
3141	2017	79
987	2017	10
3117	2017	66
2873	2017	46
3094	2017	33
2971	2017	21
3030	2017	80
2998	2017	39
861	2017	60
842	2017	49
2536	2017	57
2469	2017	12
4141	2017	1
647	2017	19
2193	2017	26
1074	2017	62
4053	2017	11
2204	2017	34
1372	2017	81
684	2017	24
686	2017	8
2213	2017	93
3953	2017	61
2131	2017	76
712	2017	83
718	2017	35
3942	2017	44
3861	2017	25
3832	2017	53
758	2017	70
3777	2017	67
1333	2017	90
3679	2017	65
3664	2017	42
1312	2017	38
5493	2017	18
3951	2017	56
5719	2017	28
